0 0 0 0 0 0
8,491 1,234
(8,339)
41,833 83,040 38,022
900,603 310,167 575,363686,748860,113439,810 168,096998,198350,074186,656337,016803,956714,915
2024 2024 2024
(166,574)
July 31, 1,053,920 July 31,1,067,766 3,671,633 July 31, 3,671,633
0 0 0 0 0 0
900 320
5,500
40,900 27,648 85,562 45,010
804,259 209,459 980,205140,766484,224654,005219,464 134,517461,142177,682216,906381,207148,112850,674
2025 2025 2025
July 31, July 31, 2,506,312 July 31,
1,055,838 2,506,312
0 0 0 0 0 0
(900)
1,770 1,595
(5,500)
40,046 32,34033,255
(40,900) (11,723)(57,838) (24,826)
441,110278,755 246,967
(804,259) (198,077) (392,550)(652,897)(184,464) (470,001) (264,960) (419,311)(470,001)
(1,042,366)
vs. PYTD vs. PYTD vs. PYTD
Current YTD Current YTD Current YTD
0.01%1.75%0.37%0.00%0.00%7.19%0.51% 0.85%1.44%1.98%9.43%0.00%7.79%0.00%1.73% 1.32%7.35%0.42%1.02%0.00%0.43%0.00%2.43%4.24%1.73%
-1.96% -0.03%
11.75% 12.08% 81.36%
% of % of % of
2024 2024 2024
Actuals
July 31, July 31,Actuals July 31,Actuals
Received
Expended Expended
0.54% 1.22% 1.22%
0.00%1.07%1.62%0.14%0.00%0.00%5.31% 0.84%0.34%1.41%9.54%3.18%0.00%3.63%0.00% 1.37%7.49%5.41%0.23%1.24%0.00%0.49%0.00%3.01%0.55%4.19%0.22%
% of
2025 2025% of 2025% of
Actuals
July 31, July 31,Actuals July 31,Actuals
Received
Expended Expended
0.00%0.00%0.00%1.97%0.00%0.00%0.40%0.01% 1.28%1.06%0.25%0.02%0.51%0.00%0.00%1.02% 6.87%6.68%2.66%0.16%1.23%0.00%0.55%0.00%3.75%0.45%1.90%0.00%1.02%
15.94%
2026 2026 2026
July 31, July 31, July 31,
Received
Expended Expended
% of Budget % of Budget % of Budget
0 0 0 0 0
103,734 356,977 895,000
6,282,699 2,856,939 5,255,4856,772,854 4,505,6111,715,9767,172,3163,746,4971,147,683
Budget Budget Budget
49,861,759 39,076,78337,286,300 74,123,74844,666,87510,633,69827,424,03122,262,748
Remaining Remaining Remaining
148,010,710 207,115,841 109,545,786 198,294,184 198,294,184
0 0 0 0 0 0 0 0 0 0
2,090 1,108
11,38213,472 91,67435,00067,693 46,606
YTD 419,520 332,529122,794196,182119,844249,246414,462123,286431,363
YTD YTD
1,421,315 2,036,311 2,036,311
Received
Expended Expended
0 0 0 0 0
107,577 455,338 749,014
7,626,286 2,717,780 4,444,3426,102,981 5,013,4761,903,9256,640,5763,714,4931,144,691
Of Year Of Year Of Year
49,079,965 39,466,58136,947,458 73,876,94944,891,22411,114,49327,466,31822,203,443
149,967,025 209,498,634 111,301,901 198,718,600 198,718,600
Projected End Projected End Projected End
0 0 0 0 0
ROBBINSDALE | July 31, 2026
105,824 424,670 895,000
6,282,699 2,868,321 5,256,5936,807,854 4,838,1401,838,7707,368,4983,793,1031,147,683
Budget Budget Budget
Adopted Adopted Adopted
49,861,759 39,496,30337,377,974 74,243,59244,916,12111,048,16027,547,31722,694,111
148,010,710 207,129,313 110,967,101 200,330,495 200,330,495
0 0 0 0
38,329
230,300 762,127
3,834,809 3,948,248 6,854,5206,912,017 6,232,5641,795,3158,525,4283,633,2671,619,475 2,530,265
49,526,493 40,807,43734,443,802 77,419,27144,284,17712,684,41827,133,94320,325,128
138,992,136 196,531,987 116,441,677 206,221,580 206,221,580
June 30, 2026 June 30, 2026 June 30, 2026
0 0 0
318
25,173
331,584 537,206 878,652
2025 2025 2025
8,493,953 4,313,777 7,322,1244,662,134 6,301,1382,286,1368,265,8263,737,1521,210,367
June 30, June 30,39,994,824 June 30,
51,411,694 34,677,359 83,807,96543,142,77513,892,70729,893,61718,950,163
142,998,247 207,549,255 125,197,706 212,391,670 212,391,670
REVENUE & EXPENDITURE SUMMARY BY SOURCE, OBJECT SERIES & PROGRAM SERIES
REVENUE CATEGORIESSTATEFEDERALPROPERTY TAXESLOCAL SALES, INS RECOVERY & JUDGEMENTSSALE OF BONDS & LOANSINCOMING TRANSFERS FROM OTH FUNDSLOCAL (FEES, INTEREST, ETC.)TOTALS EXPENDITURES (OBJECT SERIES)SALARIES & WAGESEMPLOYEE BENEFITSPURCHASED SERVICESSUPPLIESEQUIPMENTDEBT SERVICEOTHER EXPENDITURESOTHER FINANCING USESTOTALS EXPENDITURES (PROGRAM SERIES)SITE ADMINISTRATIONDISTRICT ADMINISTRATIONSUPPORT SERVICESREGULAR INSTRUCTIONEXTRA-CURRICULAR ACTIVITESVOCATIONAL INSTRUCTIONSPECIAL EDUCATIONCOMMUNITY SERVICESINSTRUCTIONAL SUPPORTPUPIL SUPPORT SERVICESFACILITIESOTHER FINANCING USESTOTALS

0 0 0 0 0 0
2,775
47,017 49,807 91,709 28,050
(92,731)
144,922608,137502,482 293,381 424,001
2024 2024 2024
July 31, 1,806,494 3,452,240 July 31, 3,486,1922,432,567 6,372,565 July 31,4,506,160
(5,538,037)
10,044,197
0 0 0 0 0 0 0 0 0
2,601
75,447 27,512 94,88827,733
141,708694,602540,790 466,604
2025 2025 2025
July 31, July 31, 3,547,5452,033,816 6,173,187 July 31,2,535,8968,679,499
1,480,058
(6,143,603)
0
0 0 0 0 0 0 0 0
(2,601)
35,877
(75,447) (27,512) (12,938)(20,881)
(141,708)(694,578)(540,790)
5,581,904) 3,529,506
(1,480,034) (3,547,545)(2,033,816)( (2,522,399)(6,051,905)
vs. PYTD vs. PYTD
vs. PYTD
Current YTD Current YTD
Current YTD
N/A
1.54%5.16%0.23%2.23%0.00%0.00%8.10%0.00%2.16%3.85% 1.07%3.39% 0.00%0.00%0.00%0.24%1.60%8.01% 1.52%3.44%
-0.84%
24.33% 15.60%10.92%
% of % of % of
2024 2024 2024
Actuals
July 31, July 31,Actuals July 31,Actuals
Received
Expended Expended
N/A
2.21% 8.82%
1.70%5.69%2.21%0.00%0.00%0.00%0.00%2.22%0.00% 1.27%3.81%0.41%0.00%0.00%0.00%8.49%0.00% 0.96%3.14%
17.33% 14.11%11.10%
% of
2025 2025% of 2025% of
Actuals
July 31, July 31,Actuals July 31,Actuals
Received
Expended Expended
N/A
0.00% 0.77%
0.00%0.00%0.00%0.00%0.00%0.00%0.00%0.00%0.00%0.00% 0.89%4.19%0.07%0.00%0.00%0.00%0.00%0.00%0.00%0.00% 0.00%0.95%
2026 2026 2026
July 31, July 31, July 31,
Received
Expended Expended
% of Budget % of Budget % of Budget
0 0 0 0 0 0 0 0
N/A
867,500 900,000
9,176,211 9,075,346 1,125,000
Budget Budget Budget
12,347,62325,082,82322,025,00070,399,157 11,484,25910,426,75323,105,21920,696,00075,912,577
Remaining Remaining Remaining
277,514,998274,206,761
0 0 0 0 0 0 0 0 0 0 0 0 0 0 0 0
24 24
6,852
81,950 13,496
YTD 502,481 591,283
YTD YTD
2,627,594
Received (2,614,097)
Expended
0 0 0 0 0 0 0 0
784,839 410,375
8,775,611 9,117,138 1,122,872 5,812,940
Of Year Of Year Of Year
11,760,14024,565,97820,591,16866,888,112 12,039,52710,354,76219,978,65619,242,24971,855,205
276,386,745270,573,805
Projected End Projected End Projected End
0 0 0 0 0 0 0 0
ROBBINSDALE | July 31, 2026
867,500 900,000 694,139
9,176,211 9,157,296 1,125,000
Budget Budget Budget
Adopted Adopted Adopted
12,347,64725,082,82322,025,00070,399,181 11,986,74010,433,60523,105,21920,696,00076,503,860
277,528,494276,834,355
0 0 0 0 0 0 0
(6,738)
30,618
435,468
1,238,678
8,315,836 7,496,3646,758,917
12,198,48824,499,23220,272,17966,953,142 12,254,66725,138,23318,323,20270,002,001
(12,738,452)
263,485,129276,223,581
June 30, 2026 June 30, 2026 June 30, 2026
0 0 0 0 0 0
2025 2025 2025
9,410,677 1,205,7742,308,563 8,559,143 1,139,1231,756,500 5,329,872
June 30, June 30, June 30,
11,792,98620,167,66922,544,26722,305,28089,735,216 12,516,17110,980,44622,343,91222,267,63479,562,928
297,284,471291,954,598
REVENUE & EXPENDITURE SUMMARY BY SOURCE, OBJECT SERIES & PROGRAM SERIES
ACTIVITY - OTHER FUNDSREVENUEFOOD SERVICECOMMUNITY EDUCATIONCONSTRUCTIONDEBT SERVICETRUSTCUSTODIALINTERNAL SERVICEOPEB REVOCABLE TRUSTOPEB IRREVOCABLE TRUSTOPEB DEBT SERVICETOTALS EXPENDITURESFOOD SERVICECOMMUNITY EDUCATIONCONSTRUCTIONDEBT SERVICETRUSTCUSTODIALINTERNAL SERVICEOPEB REVOCABLE TRUSTOPEB IRREVOCABLE TRUSTOPEB DEBT SERVICETOTALSSUMMARY - ALL FUNDSSUMMARYREVENUEEXPENDITURESSPENDING VARIANCE