REVENUE & EXPENDITURE SUMMARY BY SOURCE, OBJECT SERIES & PROGRAM SERIES
ROBBINSDALE | October 31, 2024
October 31, October 31, October 31,
2024 2023 2022
Received Budget % of Budget % of Actuals % of Actuals Current YTD October 31, October 31,
Adopted
REVENUE CATEGORIES June 30, 2023 June 30, 2024 Budget YTD Remaining Received Received Received vs. PYTD 2023 2022
STATE 120,823,438 120,526,178 141,114,765 36,903,349 104,211,416 26.15% 16.57% 20.42% 16,927,982 19,975,367 24,670,300
FEDERAL 23,032,904 4,180,774 4,902,000 6,554,283 (1,652,283) 133.71% -214.62% -14.50% 15,526,921 (8,972,637) (3,339,708)
PROPERTY TAXES 44,342,363 49,390,069 50,756,201 12,238,343 38,517,858 24.11% 23.30% 21.82% 731,874 11,506,468 9,677,394
LOCAL SALES, INS RECOVERY & JUDGEMENTS 198,486 139,336 85,648 54,894 30,754 64.09% 72.55% 44.58% (46,193) 101,087 88,487
SALE OF BONDS & LOANS 0 0 0 0 0 0.00% 0.00% 0.00% 0 0 0
INCOMING TRANSFERS FROM OTH FUNDS 0 0 0 0 0 0.00% 0.00% 0.00% 0 0 0
LOCAL (FEES, INTEREST, ETC.) 4,681,601 6,233,130 4,694,619 1,516,392 3,178,227 32.30% 22.73% 25.58% 99,314 1,417,078 1,197,604
TOTALS 193,078,793 180,469,487 201,553,233 57,267,261 144,285,972 28.41% 13.31% 16.73% 33,239,898 24,027,363 32,294,077
October 31, October 31, October 31,
2024 2023 2022
Adopted Expended Budget % of Budget % of Actuals % of Actuals Current YTD October 31, October 31,
EXPENDITURES (OBJECT SERIES) June 30, 2023 June 30, 2024 Budget YTD Remaining Expended Expended Expended vs. PYTD 2023 2022
SALARIES & WAGES 114,572,783 122,263,742 118,617,765 22,221,740 96,396,025 18.73% 17.14% 18.38% 1,261,056 20,960,685 21,055,816
EMPLOYEE BENEFITS 35,726,859 40,361,934 40,271,136 7,430,142 32,840,994 18.45% 18.30% 19.22% 43,014 7,387,128 6,866,520
PURCHASED SERVICES 29,880,172 31,641,981 27,796,449 4,883,497 22,912,952 17.57% 18.72% 13.66% (1,041,015) 5,924,512 4,082,413
SUPPLIES 8,911,170 6,883,446 5,855,047 2,792,141 3,062,906 47.69% 49.18% 30.97% (593,169) 3,385,310 2,759,967
EQUIPMENT 3,980,923 8,161,776 7,470,277 1,763,961 5,706,316 23.61% 48.85% 20.50% (2,222,690) 3,986,651 816,149
DEBT SERVICE 0 0 0 0 0 0.00% 0.00% 0.00% 0 0 0
OTHER EXPENDITURES 1,149,173 1,963,959 784,408 274,791 509,617 35.03% 28.95% 56.91% (293,803) 568,594 653,998
OTHER FINANCING USES 0 0 0 0 0 0.00% 0.00% 0.00% 0 0 0
TOTALS 194,221,080 211,276,839 200,795,082 39,366,273 161,428,809 19.61% 19.98% 18.66% (2,846,607) 42,212,880 36,234,863
October 31, October 31, October 31,
2024 2023 2022
Adopted Expended Budget % of Budget % of Actuals % of Actuals Current YTD October 31, October 31,
EXPENDITURES (PROGRAM SERIES) June 30, 2023 June 30, 2024 Budget YTD Remaining Expended Expended Expended vs. PYTD 2023 2022
SITE ADMINISTRATION 5,649,988 5,937,698 5,644,986 1,510,888 4,134,098 26.77% 24.67% 22.63% 45,994 1,464,894 1,278,847
DISTRICT ADMINISTRATION 2,066,685 2,253,174 2,203,281 626,803 1,576,478 28.45% 30.52% 27.72% (60,921) 687,724 572,832
SUPPORT SERVICES 8,480,643 13,573,362 9,838,638 3,586,126 6,252,512 36.45% 35.61% 39.24% (1,247,004) 4,833,130 3,327,714
REGULAR INSTRUCTION 82,601,340 84,236,339 81,193,201 13,543,607 67,649,594 16.68% 15.64% 15.62% 366,168 13,177,439 12,905,987
EXTRA-CURRICULAR ACTIVITES 3,427,588 3,957,212 3,941,247 679,584 3,261,663 17.24% 25.83% 22.44% (342,658) 1,022,242 769,081
VOCATIONAL INSTRUCTION 1,298,785 1,449,128 1,554,374 210,652 1,343,722 13.55% 17.47% 20.53% (42,574) 253,225 266,695
SPECIAL EDUCATION 31,344,065 35,896,973 37,189,051 6,890,717 30,298,334 18.53% 16.13% 17.83% 1,101,134 5,789,583 5,589,706
COMMUNITY SERVICES 0 4,728 2,500 2,146 354 85.84% 50.80% 0.00% (256) 2,402 0
INSTRUCTIONAL SUPPORT 14,945,470 15,539,863 11,965,514 2,920,324 9,045,190 24.41% 23.42% 21.80% (719,747) 3,640,070 3,257,810
PUPIL SUPPORT SERVICES 25,083,469 28,265,233 28,030,229 3,106,307 24,923,922 11.08% 16.42% 8.86% (1,533,741) 4,640,048 2,221,947
FACILITIES 18,731,069 18,509,244 18,425,061 5,187,955 13,237,106 28.16% 31.82% 27.79% (702,100) 5,890,055 5,204,535
OTHER FINANCING USES 591,978 1,653,885 807,000 1,101,165 (294,165) 136.45% 49.10% 141.85% 289,099 812,066 839,710
TOTALS 194,221,080 211,276,839 200,795,082 39,366,273 161,428,809 19.61% 19.98% 18.66% (2,846,607) 42,212,880 36,234,863

REVENUE & EXPENDITURE SUMMARY BY SOURCE, OBJECT SERIES & PROGRAM SERIES
ROBBINSDALE | October 31, 2024
2024 2023 2022
ACTIVITY - OTHER FUNDS
Adopted Received Budget % of Budget % of Actuals % of Actuals Current YTD October 31, October 31,
June 30, 2023 June 30, 2024 Budget YTD Remaining Received Received Received vs. PYTD 2023 2022
REVENUE
FOOD SERVICE 7,811,746 8,450,438 8,454,976 430,539 8,024,437 5.09% 2.54% 7.16% 216,103 214,436 559,592
COMMUNITY EDUCATION 11,079,960 10,408,326 11,164,110 3,768,853 7,395,257 33.76% 33.44% 27.28% 288,459 3,480,394 3,022,343
CONSTRUCTION 19,331,655 20,501,328 19,754,500 330,289 19,424,211 1.67% 4.16% 99.11% (522,094) 852,383 19,160,057
DEBT SERVICE 19,081,751 20,950,614 22,538,584 5,602,702 16,935,882 24.86% 24.89% 29.96% 388,163 5,214,539 5,715,982
TRUST 0 0 0 0 0 0.00% 0.00% 0.00% 0 0 0
CUSTODIAL 0 0 0 0 0 0.00% 0.00% 0.00% 0 0 0
INTERNAL SERVICE 21,193,722 21,858,744 21,275,000 0 21,275,000 0.00% 32.74% 32.15% (7,156,278) 7,156,278 6,813,804
OPEB REVOCABLE TRUST 0 0 0 0 0 0.00% 0.00% 0.00% 0 0 0
OPEB IRREVOCABLE TRUST 551,012 1,131,423 750,000 743,103 6,897 99.08% -61.00% -97.22% 1,433,298 (690,196) (535,693)
40,470
OPEB DEBT SERVICE 2,727,234 2,731,468 1,681,423 676,829 1,004,594 40.25% 23.30% 26.25% 636,360 715,885
TOTALS 81,777,081 86,032,341 85,618,593 11,552,315 74,066,278 13.49% 19.60% 43.35% (5,311,878) 16,864,193 35,451,971
2024 2023 2022
Expended Budget % of Budget % of Actuals % of Actuals October 31, October 31,
Adopted Current YTD
June 30, 2023 June 30, 2024 Budget YTD Remaining Expended Expended Expended vs. PYTD 2023 2022
EXPENDITURES
FOOD SERVICE 7,303,186 8,371,069 8,888,608 1,269,780 7,618,828 14.29% 17.56% 16.84% (200,452) 1,470,232 1,229,826
COMMUNITY EDUCATION 10,534,716 10,718,905 11,180,892 3,056,884 8,124,008 27.34% 24.75% 25.75% 403,692 2,653,191 2,713,135
CONSTRUCTION 21,704,674 16,474,879 18,587,167 5,028,294 13,558,873 27.05% 43.58% 47.22% (2,151,830) 7,180,124 10,249,695
DEBT SERVICE 19,277,965 20,356,268 22,400,905 3,543,455 18,857,450 15.82% 16.87% 16.96% 110,369 3,433,086 3,269,949
TRUST 0 0 0 0 0 0.00% 0.00% 0.00% 0 0 0
CUSTODIAL 0 0 0 0 0 0.00% 0.00% 0.00% 0 0 0
INTERNAL SERVICE 20,246,491 19,761,244 21,110,400 7,357,234 13,753,166 34.85% 29.11% 25.48% 1,604,913 5,752,321 5,158,071
OPEB REVOCABLE TRUST 0 0 0 0 0 0.00% 0.00% 0.00% 0 0 0
OPEB IRREVOCABLE TRUST 985,918 34,699 1,550,000 8,566 1,541,434 0.55% 34.03% 1.43% (3,241) 11,807 14,117
OPEB DEBT SERVICE 2,603,093 2,601,613 1,756,500 28,450 1,728,050 1.62% 2.63% 4.10% (40,056) 68,506 106,746
TOTALS 82,656,043 78,318,677 85,474,472 20,292,664 65,181,808 23.74% 26.26% 27.51% (276,605) 20,569,269 22,741,540
2024 2023 2022
SUMMARY - ALL FUNDS
Adopted Budget % of Budget % of Actuals % of Actuals Current YTD October 31, October 31,
June 30, 2023 June 30, 2024 Budget YTD Remaining Expended Expended Expended vs. PYTD 2023 2022
SUMMARY
REVENUE 274,855,873 266,501,828 287,171,826 68,819,575 218,352,251 23.96% 15.34% 24.65% 27,928,020 40,891,556 67,746,048
EXPENDITURES 276,877,124 289,595,516 286,269,554 59,658,937 226,610,617 20.84% 21.68% 21.30% (3,123,212) 62,782,149 58,976,403
SPENDING VARIANCE (2,021,250) (23,093,688) 902,272 9,160,639 N/A N/A N/A N/A 31,051,232 (21,890,593) 8,769,644