REVENUE & EXPENDITURE
SUMMARY BY SOURCE, OBJECT
ROBBINSDALE
ROBBINSDALE June 30, 2024
SERIES & PROGRAM SERIES
June 30, June 30,
June 30, 2022
2024 2023
REVENUE
Adopted Revised Next Year Budget % of Budget % of Actuals % of Actuals
June 30, 2022 June 30, 2023 Budget Budget Budget Received YTD Remaining Received Received Received June 30, 2023 June 30, 2022
REVENUE CATEGORIES
STATE 120,820,883 120,823,438 138,216,719 140,411,587 141,114,765 113,668,499 26,743,088 81.0% 100.0% 100.0% 120,823,438 120,820,883
FEDERAL 17,289,539 23,032,904 11,294,808 10,271,023 4,902,000 307,274 9,963,749 3.0% 100.0% 100.0% 23,032,904 17,289,539
PROPERTY TAXES 44,953,557 44,342,363 48,843,569 48,843,569 50,756,201 35,451,318 13,392,251 72.6% 100.0% 100.0% 44,342,363 44,953,557
LOCAL (FEES, INTEREST, ETC.) 4,151,784 4,884,476 3,969,267 4,771,607 4,780,267 5,558,098 (786,491) 116.5% 100.0% 100.0% 4,884,476 4,151,784
TOTALS 187,215,763 193,083,182 202,324,363 204,297,786 201,553,233 154,985,190 49,312,596 75.9% 100.0% 100.0% 193,083,182 187,215,763
June 30, June 30,
June 30, 2022
EXPENDITURES
2024 2023
Adopted Revised Next Year Budget % of Budget % of Actuals % of Actuals
June 30, 2022 June 30, 2023 Budget Budget Budget Expended YTD Remaining Expended Expended Expended June 30, 2023 June 30, 2022
OBJECT SERIES
SALARIES & WAGES 111,801,412 114,572,783 118,261,936 121,821,214 117,396,165 122,154,172 (332,958) 100.3% 100.0% 100.0% 114,572,783 111,801,412
EMPLOYEE BENEFITS 34,269,451 35,726,859 36,303,567 41,182,181 41,492,736 40,041,237 1,140,944 97.2% 100.0% 100.0% 35,726,859 34,269,451
PURCHASED SERVICES 26,520,451 29,880,172 24,126,460 29,262,938 27,790,949 29,999,933 (736,995) 102.5% 100.0% 100.0% 29,880,172 26,520,451
SUPPLIES 6,781,166 8,911,170 6,527,201 5,229,232 5,823,047 6,595,702 (1,366,470) 126.1% 100.0% 100.0% 8,911,170 6,781,166
EQUIPMENT 3,628,759 3,980,923 9,523,776 7,507,219 7,507,277 7,034,966 472,253 93.7% 100.0% 100.0% 3,980,923 3,628,759
DEBT SERVICE - - - - - - - 0.0% 0.0% 0.0% - -
OTHER EXPENDITURES 2,805,064 1,149,173 6,784,891 1,115,527 784,908 470,808 644,719 42.2% 100.0% 100.0% 1,149,173 2,805,064
TOTALS 185,806,303 194,221,080 201,527,831 206,118,311 200,795,082 206,296,817 (178,506) 100.1% 100.0% 100.0% 194,221,080 185,806,303
June 30, June 30,
June 30, 2022
2024 2023
Adopted Revised Next Year Budget % of Budget % of Actuals % of Actuals
June 30, 2022 June 30, 2023 Budget Budget Budget Expended YTD Remaining Expended Expended Expended June 30, 2023 June 30, 2022
PROGRAM SERIES
SITE ADMINISTRATION 5,614,828 5,649,988 6,189,709 6,221,782 5,643,986 5,863,902 357,880 94.2% 100.0% 100.0% 5,649,988 5,614,828
DISTRICT ADMINISTRATION 1,913,020 2,066,685 1,838,668 2,413,256 2,203,281 2,216,377 196,879 91.8% 100.0% 100.0% 2,066,685 1,913,020
SUPPORT SERVICES 9,473,455 8,480,643 18,212,802 10,462,560 9,838,638 10,831,532 (368,972) 103.5% 100.0% 100.0% 8,480,643 9,473,455
REGULAR INSTRUCTION 77,344,900 82,601,340 84,247,382 83,882,142 81,190,201 84,093,909 (211,767) 100.3% 100.0% 100.0% 82,601,340 77,344,900
EXTRA-CURRICULAR ACTIVITES 3,012,727 3,427,588 3,017,946 4,600,807 3,941,247 3,923,714 677,093 85.3% 100.0% 100.0% 3,427,588 3,012,727
VOCATIONAL INSTRUCTION 1,343,555 1,298,785 1,255,517 1,486,965 1,554,374 1,440,590 46,375 96.9% 100.0% 100.0% 1,298,785 1,343,555
SPECIAL EDUCATION 31,961,055 31,344,065 34,153,307 34,378,446 37,189,051 35,820,953 (1,442,507) 104.2% 100.0% 100.0% 31,344,065 31,961,055
COMMUNITY EDUCATION - - - 2,500 2,500 4,728 (2,228) 189.1% 0.0% 0.0% - -
INSTRUCTIONAL SUPPORT 12,700,901 14,945,470 12,385,070 15,540,067 11,965,514 15,377,762 162,305 99.0% 100.0% 100.0% 14,945,470 12,700,901
PUPIL SUPPORT SERVICES 24,575,164 25,083,469 21,765,279 26,866,511 28,034,229 27,419,694 (553,183) 102.1% 100.0% 100.0% 25,083,469 24,575,164
FACILITIES 17,360,297 18,731,069 17,777,782 18,756,041 18,425,061 17,984,729 771,312 95.9% 100.0% 100.0% 18,731,069 17,360,297
OTHER FINANCING USES 506,401 591,978 684,369 1,507,234 807,000 1,318,928 188,306 87.5% 100.0% 100.0% 591,978 506,401
TOTALS 185,806,303 194,221,080 201,527,831 206,118,311 200,795,082 206,296,817 (178,506) 100.1% 100.0% 100.0% 194,221,080 185,806,303

REVENUE & EXPENDITURE
SUMMARY BY SOURCE, OBJECT
ROBBINSDALE
ROBBINSDALE June 30, 2024
SERIES & PROGRAM SERIES
June 30, June 30,
June 30, 2022
ACTIVITY - OTHER FUNDS
2024 2023
Adopted Revised Next Year Budget % of Budget % of Actuals % of Actuals
REVENUE June 30, 2022 June 30, 2023 Budget Budget Budget Received YTD Remaining Received Received Received June 30, 2023 June 30, 2022
FOOD SERVICE 9,571,435 7,811,746 7,610,979 7,766,361 8,454,976 6,416,673 1,349,688 82.6% 100.0% 100.0% 7,811,746 9,571,435
COMMUNITY EDUCATION 10,479,610 11,079,960 10,355,984 11,038,934 11,164,110 9,482,310 1,556,624 85.9% 100.0% 100.0% 11,079,960 10,479,610
CONSTRUCTION 23,489,836 19,331,655 19,430,000 20,410,680 19,754,500 20,345,636 65,044 99.7% 100.0% 100.0% 19,331,655 23,489,836
DEBT SERVICE 17,447,857 19,081,751 20,534,408 20,736,408 22,538,584 15,266,694 5,469,714 73.6% 100.0% 100.0% 19,081,751 17,447,857
INTERNAL SERVICE - HEALTH INS. 18,410,931 19,864,316 20,645,112 19,750,000 19,900,000 15,407,735 4,342,265 78.0% 100.0% 100.0% 19,864,316 18,410,931
INTERNAL SERVICE - DENTAL INS. 1,326,258 1,294,710 1,375,000 1,250,000 1,375,000 969,619 280,381 77.6% 100.0% 100.0% 1,294,710 1,326,258
OPEB - IRREVOCABLE TRUST (1,858,678) 551,012 500,000 550,000 750,000 1,023,453 (473,453) 186.1% 100.0% 100.0% 551,012 (1,858,678)
OPEB - DEBT SERVICE 2,211,193 2,290,032 2,663,258 2,750,000 1,681,423 1,960,602 789,398 71.3% 100.0% 100.0% 2,290,027 2,211,188
June 30, June 30,
June 30, 2022
2024 2023
Adopted Revised Next Year Budget % of Budget % of Actuals % of Actuals
June 30, 2022 June 30, 2023 Budget Budget Budget Expended YTD Remaining Received Received Received June 30, 2023 June 30, 2022
EXPENDITURES
FOOD SERVICE 7,628,908 7,304,421 8,820,415 9,655,521 8,888,608 8,136,654 1,518,867 84.3% 100.0% 100.0% 7,304,421 7,628,908
COMMUNITY EDUCATION 9,174,495 10,534,716 10,892,502 11,525,262 11,180,892 10,650,692 874,570 92.4% 100.0% 100.0% 10,534,716 9,174,495
CONSTRUCTION 14,912,469 21,704,674 22,430,000 18,530,350 18,587,167 15,086,991 3,443,359 81.4% 100.0% 145.5% 21,704,674 21,704,674
DEBT SERVICE 18,385,409 19,277,965 20,345,660 19,667,708 22,400,905 20,355,793 (688,085) 103.5% 100.0% 100.0% 19,277,965 18,385,409
INTERNAL SERVICE - HEALTH INS. 19,980,117 18,943,875 19,227,112 18,875,000 19,810,400 13,526,478 5,348,522 71.7% 63.7% 66.3% 12,058,504 13,246,060
INTERNAL SERVICE - DENTAL INS. 1,384,785 1,302,617 1,375,000 1,375,000 1,300,000 956,509 418,491 69.6% 73.5% 71.4% 957,388 988,776
OPEB - IRREVOCABLE TRUST 1,102,865 985,918 900,000 1,015,496 1,550,000 26,192 989,304 2.6% 3.1% 3.2% 30,606 34,812
OPEB - DEBT SERVICE 2,564,343 2,603,093 2,601,213 2,630,000 1,756,500 2,601,613 28,387 98.9% 100.0% 100.0% 2,603,093 2,564,343
June 30, June 30,
June 30, 2022
SUMMARY - ALL FUNDS
2024 2023
Adopted Revised Next Year Budget % of Budget % of Actuals % of Actuals
SUMMARY June 30, 2022 June 30, 2023 Budget Budget Budget Expended YTD Remaining Received Received Received June 30, 2023 June 30, 2022
REVENUE 268,294,205 274,388,364 285,439,104 288,550,169 287,171,826 225,857,912 62,692,257 78.3% 100.0% 100.0% 274,388,359 268,294,200
EXPENDITURES 260,939,694 276,878,359 288,119,733 289,392,648 286,269,554 277,637,740 11,754,908 95.9% 97.0% 99.5% 268,692,447 259,533,781
SPENDING VARIANCE 7,354,511 (2,489,996) (2,680,629) (842,479) 902,272 (51,779,828) N/A N/A N/A N/A 5,695,911 8,760,419