REVENUE & EXPENDITURE
SUMMARY BY SOURCE, OBJECT
ROBBINSDALE
ROBBINSDALE April 30, 2024
SERIES & PROGRAM SERIES
April 30, April 30, April 30,
2024 2023 2022
REVENUE
Adopted Next Year Budget % of Budget % of Actuals % of Actuals
June 30, 2022 June 30, 2023 Budget Revised Budget Budget Received YTD Remaining Received Received Received April 30, 2023 April 30, 2022
REVENUE CATEGORIES
STATE 120,820,883 120,823,438 138,216,719 140,411,587 141,114,765 98,520,271 41,891,316 70.2% 77.0% 76.1% 93,067,413 91,909,503
FEDERAL 17,289,539 23,032,904 11,294,808 10,271,023 4,902,000 291,054 9,979,969 2.8% 17.3% 38.9% 3,989,803 6,725,422
PROPERTY TAXES 44,953,557 44,342,363 48,843,569 48,843,569 50,756,201 24,046,886 24,796,683 49.2% 48.0% 49.2% 21,285,358 22,098,593
LOCAL (FEES, INTEREST, ETC.) 4,151,784 4,884,476 3,969,267 4,771,607 4,780,267 5,355,150 (583,543) 112.2% 101.4% 70.2% 4,952,765 2,916,420
TOTALS 187,215,763 193,083,182 202,324,363 204,297,786 201,553,233 128,213,362 76,084,424 62.8% 63.9% 66.0% 123,295,340 123,649,938
April 30, April 30, April 30,
EXPENDITURES
2024 2023 2022
Adopted Next Year Budget % of Budget % of Actuals % of Actuals
June 30, 2022 June 30, 2023 Budget Revised Budget Budget Expended YTD Remaining Expended Expended Expended April 30, 2023 April 30, 2022
OBJECT SERIES
SALARIES & WAGES 111,801,412 114,572,783 118,261,936 121,821,214 117,396,165 82,927,043 38,894,171 68.1% 69.3% 69.0% 79,420,814 77,184,824
EMPLOYEE BENEFITS 34,269,451 35,726,859 36,303,567 41,182,181 41,492,736 28,047,076 13,135,105 68.1% 73.3% 71.9% 26,185,404 24,632,390
PURCHASED SERVICES 26,520,451 29,880,172 24,126,460 29,262,938 27,790,949 22,471,162 6,791,776 76.8% 66.0% 74.0% 19,727,974 19,634,272
SUPPLIES 6,781,166 8,911,170 6,527,201 5,229,232 5,823,047 5,617,221 (387,989) 107.4% 53.3% 67.3% 4,753,558 4,564,809
EQUIPMENT 3,628,759 3,980,923 9,523,776 7,507,219 7,507,277 5,785,733 1,721,486 77.1% 72.9% 56.8% 2,901,046 2,062,473
DEBT SERVICE - - - - - - - 0.0% 0.0% 0.0% - -
OTHER EXPENDITURES 2,805,064 1,149,173 6,784,891 1,115,527 784,908 1,466,560 (351,033) 131.5% 143.1% 58.0% 1,644,070 1,626,441
TOTALS 185,806,303 194,221,080 201,527,831 206,118,311 200,795,082 146,314,796 59,803,515 71.0% 69.3% 69.8% 134,632,866 129,705,209
April 30, April 30, April 30,
2024 2023 2022
Adopted Next Year Budget % of Budget % of Actuals % of Actuals
June 30, 2022 June 30, 2023 Budget Revised Budget Budget Expended YTD Remaining Expended Expended Expended April 30, 2023 April 30, 2022
PROGRAM SERIES
SITE ADMINISTRATION 5,614,828 5,649,988 6,189,709 6,221,782 5,643,986 4,367,851 1,853,931 70.2% 73.6% 74.7% 4,159,239 4,193,899
DISTRICT ADMINISTRATION 1,913,020 2,066,685 1,838,668 2,413,256 2,203,281 1,701,513 711,743 70.5% 75.4% 73.3% 1,558,073 1,402,147
SUPPORT SERVICES 9,473,455 8,480,643 18,212,802 10,462,560 9,838,638 9,063,614 1,398,946 86.6% 94.8% 77.5% 8,041,713 7,337,996
REGULAR INSTRUCTION 77,344,900 82,601,340 84,247,382 83,882,142 81,190,201 56,845,752 27,036,390 67.8% 65.3% 65.3% 53,929,285 50,476,506
EXTRA-CURRICULAR ACTIVITES 3,012,727 3,427,588 3,017,946 4,600,807 3,941,247 3,097,781 1,503,026 67.3% 73.4% 73.8% 2,514,195 2,222,622
VOCATIONAL INSTRUCTION 1,343,555 1,298,785 1,255,517 1,486,965 1,554,374 1,029,272 457,693 69.2% 73.2% 78.0% 951,138 1,048,025
SPECIAL EDUCATION 31,961,055 31,344,065 34,153,307 34,378,446 37,189,051 24,095,538 10,282,908 70.1% 69.5% 69.1% 21,786,482 22,094,676
COMMUNITY EDUCATION - - - 2,500 2,500 2,402 98 96.1% 0.0% 0.0% - -
INSTRUCTIONAL SUPPORT 12,700,901 14,945,470 12,385,070 15,540,067 11,965,514 10,372,186 5,167,881 66.7% 66.2% 77.3% 9,891,317 9,824,022
PUPIL SUPPORT SERVICES 24,575,164 25,083,469 21,765,279 26,866,511 28,034,229 19,885,882 6,980,629 74.0% 58.2% 62.6% 14,605,969 15,394,981
FACILITIES 17,360,297 18,731,069 17,777,782 18,756,041 18,425,061 14,588,041 4,168,000 77.8% 82.3% 81.3% 15,410,288 14,112,817
OTHER FINANCING USES 506,401 591,978 684,369 1,507,234 807,000 1,264,964 242,270 83.9% 301.6% 315.5% 1,785,167 1,597,517
TOTALS 185,806,303 194,221,080 201,527,831 206,118,311 200,795,082 146,314,796 59,803,515 71.0% 69.3% 69.8% 134,632,866 129,705,209

REVENUE & EXPENDITURE
SUMMARY BY SOURCE, OBJECT
ROBBINSDALE
ROBBINSDALE April 30, 2024
SERIES & PROGRAM SERIES
April 30, April 30, April 30,
ACTIVITY - OTHER FUNDS
2024 2023 2022
Adopted Next Year Budget % of Budget % of Actuals % of Actuals
REVENUE June 30, 2022 June 30, 2023 Budget Revised Budget Budget Received YTD Remaining Received Received Received April 30, 2023 April 30, 2022
FOOD SERVICE 9,571,435 7,811,746 7,610,979 7,766,361 8,454,976 5,686,367 2,079,994 73.2% 54.0% 57.8% 4,221,039 5,528,258
COMMUNITY EDUCATION 10,479,610 11,079,960 10,355,984 11,038,934 11,164,110 8,521,577 2,517,357 77.2% 73.1% 73.4% 8,098,097 7,695,284
CONSTRUCTION 23,489,836 19,331,655 19,430,000 20,410,680 19,754,500 20,345,636 65,044 99.7% 99.6% 100.3% 19,251,453 23,556,935
DEBT SERVICE 17,447,857 19,081,751 20,534,408 20,736,408 22,538,584 10,616,904 10,119,504 51.2% 56.2% 52.3% 10,718,016 9,127,391
INTERNAL SERVICE - HEALTH INS. 18,410,931 19,864,316 20,645,112 19,750,000 19,900,000 15,407,735 4,342,265 78.0% 75.6% 82.5% 15,026,084 15,180,820
INTERNAL SERVICE - DENTAL INS. 1,326,258 1,294,710 1,375,000 1,250,000 1,375,000 969,619 280,381 77.6% 58.5% 83.5% 757,639 1,106,850
OPEB - IRREVOCABLE TRUST (1,858,678) 551,012 500,000 550,000 750,000 1,023,453 (473,453) 186.1% 86.9% 64.2% 478,599 (1,193,388)
OPEB - DEBT SERVICE 2,211,193 2,290,032 2,663,258 2,750,000 1,681,423 1,329,893 1,420,107 48.4% 62.1% 58.9% 1,421,003 1,301,843
April 30, April 30, April 30,
2024 2023 2022
Adopted Next Year Budget % of Budget % of Actuals % of Actuals
EXPENDITURES June 30, 2022 June 30, 2023 Budget Revised Budget Budget Expended YTD Remaining Received Received Received April 30, 2023 April 30, 2022
FOOD SERVICE 7,628,908 7,304,421 8,820,415 9,655,521 8,888,608 6,539,496 3,116,025 67.7% 65.9% 71.4% 4,814,520 5,450,485
COMMUNITY EDUCATION 9,174,495 10,534,716 10,892,502 11,525,262 11,180,892 7,835,553 3,689,709 68.0% 72.6% 74.3% 7,646,978 6,812,622
CONSTRUCTION 14,912,469 21,704,674 22,430,000 18,530,350 18,587,167 13,266,953 5,263,397 71.6% 73.5% 106.9% 15,948,038 15,948,038
DEBT SERVICE 18,385,409 19,277,965 20,345,660 19,667,708 22,400,905 20,352,943 (685,235) 103.5% 100.0% 100.0% 19,277,965 18,385,409
INTERNAL SERVICE - HEALTH INS. 19,980,117 18,943,875 19,227,112 18,875,000 19,810,400 13,526,478 5,348,522 71.7% 63.7% 66.3% 12,058,504 13,246,060
INTERNAL SERVICE - DENTAL INS. 1,384,785 1,302,617 1,375,000 1,375,000 1,300,000 956,509 418,491 69.6% 73.5% 71.4% 957,388 988,776
OPEB - IRREVOCABLE TRUST 1,102,865 985,918 900,000 1,015,496 1,550,000 26,192 989,304 2.6% 3.1% 3.2% 30,606 34,812
OPEB - DEBT SERVICE 2,564,343 2,603,093 2,601,213 2,630,000 1,756,500 2,601,613 28,387 98.9% 100.0% 100.0% 2,603,093 2,564,343
April 30, April 30, April 30,
SUMMARY - ALL FUNDS
2024 2023 2022
Adopted Next Year Budget % of Budget % of Actuals % of Actuals
June 30, 2022 June 30, 2023 Budget Revised Budget Budget Expended YTD Remaining Received Received Received April 30, 2023 April 30, 2022
SUMMARY
REVENUE 268,294,205 274,388,364 285,439,104 288,550,169 287,171,826 192,114,546 96,435,623 66.6% 66.8% 69.3% 183,267,270 185,953,930
EXPENDITURES 260,939,694 276,878,359 288,119,733 289,392,648 286,269,554 211,420,534 77,972,114 73.1% 71.5% 74.0% 197,969,958 193,135,754
SPENDING VARIANCE 7,354,511 (2,489,996) (2,680,629) (842,479) 902,272 (19,305,987) N/A N/A N/A N/A (14,702,688) (7,181,824)