REVENUE & EXPENDITURE SUMMARY BY SOURCE, OBJECT SERIES & PROGRAM SERIES
ROBBINSDALE | May 31, 2025
May 31, 2025 May 31, 2024 May 31, 2023
Received Budget % of Budget % of Actuals % of Actuals Current YTD
Adopted
REVENUE CATEGORIES June 30, 2023 June 30, 2024 Budget YTD Remaining Received Received Received vs. PYTD May 31, 2024 May 31, 2023
STATE 120,823,438 120,526,178 142,880,096 121,421,908 21,458,188 84.98% 94.20% 87.91% 7,890,080 113,531,828 106,219,296
FEDERAL 23,032,904 4,180,774 4,681,553 4,603,144 78,409 98.33% 9.23% 24.13% 4,217,296 385,848 5,558,223
PROPERTY TAXES 44,342,363 49,390,069 50,756,201 36,671,164 14,085,037 72.25% 71.78% 72.52% 1,219,845 35,451,318 32,156,250
LOCAL SALES, INS RECOVERY & JUDGEMENTS 198,486 139,336 71,439 279,985 (208,546) 391.92% 98.27% 85.54% 143,053 136,932 169,794
SALE OF BONDS & LOANS 0 0 0 0 0 0.00% 0.00% 0.00% 0 0 0
INCOMING TRANSFERS FROM OTH FUNDS 0 0 0 0 0 0.00% 0.00% 0.00% 0 0 0
LOCAL (FEES, INTEREST, ETC.) 4,681,601 6,233,130 3,876,386 3,279,347 597,039 84.60% 85.29% 113.46% (2,036,785) 5,316,133 5,311,793
TOTALS 193,078,793 180,469,487 202,265,675 166,255,548 36,010,127 82.20% 85.79% 77.39% 11,433,489 154,822,059 149,415,354
May 31, 2025 May 31, 2024 May 31, 2023
Adopted Expended Budget % of Budget % of Actuals % of Actuals Current YTD
EXPENDITURES (OBJECT SERIES) June 30, 2023 June 30, 2024 Budget YTD Remaining Expended Expended Expended vs. PYTD May 31, 2024 May 31, 2023
SALARIES & WAGES 114,572,783 122,263,742 123,563,030 102,206,260 21,356,770 82.72% 80.86% 77.29% 3,339,190 98,867,070 88,551,236
EMPLOYEE BENEFITS 35,726,859 40,361,934 43,913,788 34,547,960 9,365,828 78.67% 82.32% 81.57% 1,322,090 33,225,870 29,142,958
PURCHASED SERVICES 29,880,172 31,641,981 31,243,967 28,367,117 2,876,850 90.79% 80.52% 81.38% 2,888,224 25,478,893 24,316,725
SUPPLIES 8,911,170 6,883,446 6,838,683 5,917,024 921,659 86.52% 91.95% 60.46% (412,122) 6,329,146 5,387,817
EQUIPMENT 3,980,923 8,161,776 7,609,527 4,169,272 3,440,255 54.79% 85.91% 77.28% (2,842,195) 7,011,467 3,076,594
DEBT SERVICE 0 0 0 0 0 0.00% 0.00% 0.00% 0 0 0
OTHER EXPENDITURES 1,149,173 1,963,959 910,281 532,223 378,058 58.47% 98.42% 159.93% (1,400,609) 1,932,831 1,837,827
OTHER FINANCING USES 0 0 0 0 0 0.00% 0.00% 0.00% 0 0 0
TOTALS 194,221,080 211,276,839 214,079,276 175,739,855 38,339,421 82.09% 81.81% 78.42% 2,894,578 172,845,277 152,313,157
May 31, 2025 May 31, 2024 May 31, 2023
Adopted Expended Budget % of Budget % of Actuals % of Actuals Current YTD
EXPENDITURES (PROGRAM SERIES) June 30, 2023 June 30, 2024 Budget YTD Remaining Expended Expended Expended vs. PYTD May 31, 2024 May 31, 2023
SITE ADMINISTRATION 5,649,988 5,937,698 5,916,552 5,317,190 599,362 89.87% 85.42% 81.57% 245,316 5,071,874 4,608,898
DISTRICT ADMINISTRATION 2,066,685 2,253,174 2,163,815 1,955,919 207,896 90.39% 87.51% 82.87% (15,942) 1,971,860 1,712,678
SUPPORT SERVICES 8,480,643 13,573,362 11,195,235 7,998,539 3,196,696 71.45% 82.99% 103.58% (3,266,072) 11,264,611 8,784,057
REGULAR INSTRUCTION 82,601,340 84,236,339 85,683,378 68,302,923 17,380,455 79.72% 80.18% 73.30% 763,497 67,539,426 60,549,066
EXTRA-CURRICULAR ACTIVITES 3,427,588 3,957,212 3,735,491 3,334,405 401,086 89.26% 91.02% 84.20% (267,375) 3,601,780 2,886,180
VOCATIONAL INSTRUCTION 1,298,785 1,449,128 2,182,525 1,050,631 1,131,894 48.14% 82.22% 82.97% (140,869) 1,191,500 1,077,546
SPECIAL EDUCATION 31,344,065 35,896,973 40,583,134 36,288,973 4,294,161 89.42% 81.65% 77.89% 6,980,391 29,308,582 24,413,250
COMMUNITY SERVICES 0 4,728 26,000 25,173 827 96.82% 100.00% 0.00% 20,445 4,728 0
INSTRUCTIONAL SUPPORT 14,945,470 15,539,863 13,888,257 10,620,883 3,267,374 76.47% 77.50% 73.16% (1,421,831) 12,042,714 10,934,498
PUPIL SUPPORT SERVICES 25,083,469 28,265,233 28,934,019 22,739,107 6,194,912 78.59% 79.99% 75.15% 129,415 22,609,692 18,851,314
FACILITIES 18,731,069 18,509,244 18,963,870 16,385,678 2,578,192 86.40% 89.89% 89.21% (252,601) 16,638,279 16,710,343
OTHER FINANCING USES 591,978 1,653,885 807,000 1,720,435 (913,435) 213.19% 96.76% 301.59% 120,204 1,600,231 1,785,326
TOTALS 194,221,080 211,276,839 214,079,276 175,739,855 38,339,421 82.09% 81.81% 78.42% 2,894,578 172,845,277 152,313,157

REVENUE & EXPENDITURE SUMMARY BY SOURCE, OBJECT SERIES & PROGRAM SERIES
ROBBINSDALE | May 31, 2025
May 31, 2025 May 31, 2024 May 31, 2023
ACTIVITY - OTHER FUNDS
Adopted Received Budget % of Budget % of Actuals % of Actuals Current YTD
June 30, 2023 June 30, 2024 Budget YTD Remaining Received Received Received vs. PYTD May 31, 2024 May 31, 2023
REVENUE
FOOD SERVICE 7,811,746 8,450,438 9,382,192 6,607,431 2,774,761 70.43% 76.57% 68.83% 136,691 6,470,740 5,376,537
COMMUNITY EDUCATION 11,079,960 10,408,326 11,567,249 9,910,661 1,656,588 85.68% 91.43% 81.21% 394,253 9,516,408 8,997,896
CONSTRUCTION 19,331,655 20,501,328 19,633,125 20,156,198 (523,073) 102.66% 99.81% 99.66% (306,556) 20,462,754 19,265,680
DEBT SERVICE 19,081,751 20,950,614 22,538,584 16,827,699 5,710,885 74.66% 72.87% 79.40% 1,560,441 15,267,258 15,150,533
TRUST 0 0 0 0 0 0.00% 0.00% 0.00% 0 0 0
CUSTODIAL 0 0 0 0 0 0.00% 0.00% 0.00% 0 0 0
INTERNAL SERVICE 21,193,722 21,858,744 22,375,000 20,385,930 1,989,070 91.11% 91.71% 91.32% 340,175 20,045,755 19,355,162
OPEB REVOCABLE TRUST 0 0 0 0 0 0.00% 0.00% 0.00% 0 0 0
OPEB IRREVOCABLE TRUST 551,012 1,131,423 750,000 688,394 61,606 91.79% 84.89% 60.73% (272,104) 960,498 334,611
(543,793)
OPEB DEBT SERVICE 2,727,234 2,731,468 1,681,423 1,416,809 264,614 84.26% 71.78% 74.15% 1,960,602 2,022,209
TOTALS 81,777,081 86,032,341 87,927,573 75,993,123 11,934,450 86.43% 86.81% 86.21% 1,309,107 74,684,016 70,502,627
May 31, 2025 May 31, 2024 May 31, 2023
Expended Budget % of Budget % of Actuals % of Actuals
Adopted Current YTD
June 30, 2023 June 30, 2024 Budget YTD Remaining Expended Expended Expended vs. PYTD May 31, 2024 May 31, 2023
EXPENDITURES
FOOD SERVICE 7,303,186 8,371,069 9,455,864 6,862,595 2,593,269 72.58% 89.13% 77.90% (598,872) 7,461,467 5,689,063
COMMUNITY EDUCATION 10,534,716 10,718,905 12,072,159 10,430,656 1,641,503 86.40% 85.75% 79.78% 1,239,581 9,191,075 8,404,494
CONSTRUCTION 21,704,674 16,474,879 19,725,074 9,215,955 10,509,119 46.72% 89.93% 76.71% (5,599,584) 14,815,539 16,650,266
DEBT SERVICE 19,277,965 20,356,268 22,344,805 22,343,912 893 100.00% 99.98% 100.00% 1,990,968 20,352,943 19,277,965
TRUST 0 0 0 0 0 0.00% 0.00% 0.00% 0 0 0
CUSTODIAL 0 0 0 0 0 0.00% 0.00% 0.00% 0 0 0
INTERNAL SERVICE 20,246,491 19,761,244 22,738,000 18,190,662 4,547,338 80.00% 92.15% 78.24% (18,876) 18,209,538 15,840,036
OPEB REVOCABLE TRUST 0 0 0 0 0 0.00% 0.00% 0.00% 0 0 0
OPEB IRREVOCABLE TRUST 985,918 34,699 1,710,000 26,528 1,683,472 1.55% 92.00% 3.75% (5,395) 31,923 36,936
OPEB DEBT SERVICE 2,603,093 2,601,613 1,756,500 1,756,500 0 100.00% 100.00% 100.00% (845,113) 2,601,613 2,603,093
TOTALS 82,656,043 78,318,677 89,802,402 68,826,808 20,975,594 76.64% 92.78% 82.88% (3,837,290) 72,664,097 68,501,852
May 31, 2025 May 31, 2024 May 31, 2023
SUMMARY - ALL FUNDS
Adopted Budget % of Budget % of Actuals % of Actuals Current YTD
June 30, 2023 June 30, 2024 Budget YTD Remaining Expended Expended Expended vs. PYTD May 31, 2024 May 31, 2023
SUMMARY
REVENUE 274,855,873 266,501,828 290,193,248 242,248,671 47,944,577 83.48% 86.12% 80.01% 12,742,596 229,506,075 219,917,981
EXPENDITURES 276,877,124 289,595,516 303,881,678 244,566,663 59,315,015 80.48% 84.78% 79.75% (942,711) 245,509,374 220,815,009
SPENDING VARIANCE (2,021,250) (23,093,688) (13,688,430) (2,317,992) N/A N/A N/A N/A 13,685,307 (16,003,299) (897,028)