REVENUE & EXPENDITURE SUMMARY BY SOURCE, OBJECT SERIES & PROGRAM SERIES
ROBBINSDALE | April 30, 2025
April 30, 2025 April 30, 2024 April 30, 2023
Adopted Budget % of Budget % of Actuals % of Actuals Current YTD
REVENUE CATEGORIES June 30, 2023 June 30, 2024 Budget Received YTD Remaining Received Received Received vs. PYTD April 30, 2024 April 30, 2023
STATE 120,823,438 120,526,178 142,880,096 105,629,855 37,250,241 73.93% 81.63% 77.03% 7,243,053 98,386,802 93,067,413
FEDERAL 23,032,904 4,180,774 4,681,553 4,547,529 134,024 97.14% 8.09% 17.45% 4,209,400 338,129 4,018,660
PROPERTY TAXES 44,342,363 49,390,069 50,756,201 25,625,212 25,130,989 50.49% 48.69% 48.00% 1,578,326 24,046,886 21,285,358
LOCAL SALES, INS RECOVERY & JUDGEMENTS 198,486 139,336 71,439 261,310 (189,871) 365.78% 98.04% 83.07% 124,710 136,600 164,878
SALE OF BONDS & LOANS 0 0 0 0 0 0.00% 0.00% 0.00% 0 0 0
INCOMING TRANSFERS FROM OTH FUNDS 0 0 0 0 0 0.00% 0.00% 0.00% 0 0 0
LOCAL (FEES, INTEREST, ETC.) 4,681,601 6,233,130 3,876,386 2,953,580 922,806 76.19% 74.83% 102.28% (1,710,714) 4,664,294 4,788,305
TOTALS 193,078,793 180,469,487 202,265,675 139,017,486 63,248,189 68.73% 70.69% 63.87% 11,444,774 127,572,712 123,324,615
April 30, 2025 April 30, 2024 April 30, 2023
Adopted Expended Budget % of Budget % of Actuals % of Actuals Current YTD
June 30, 2023 June 30, 2024 Budget YTD Remaining Expended Expended Expended vs. PYTD April 30, 2024 April 30, 2023
EXPENDITURES (OBJECT SERIES)
SALARIES & WAGES 114,572,783 122,263,742 123,563,030 87,131,584 36,431,446 70.52% 67.83% 69.32% 4,204,541 82,927,043 79,420,814
EMPLOYEE BENEFITS 35,726,859 40,361,934 43,913,788 29,542,817 14,370,971 67.27% 70.22% 73.29% 1,201,680 28,341,138 26,185,404
PURCHASED SERVICES 29,880,172 31,641,981 31,243,967 25,086,184 6,157,783 80.29% 72.19% 66.02% 2,245,250 22,840,935 19,727,974
SUPPLIES 8,911,170 6,883,446 6,838,683 5,059,475 1,779,208 73.98% 83.91% 53.34% (716,634) 5,776,109 4,753,558
EQUIPMENT 3,980,923 8,161,776 7,609,527 3,914,269 3,695,258 51.44% 75.83% 72.87% (2,274,967) 6,189,235 2,901,046
DEBT SERVICE 0 0 0 0 0 0.00% 0.00% 0.00% 0 0 0
OTHER EXPENDITURES 1,149,173 1,963,959 910,281 456,781 453,500 50.18% 75.45% 143.07% (1,024,999) 1,481,780 1,644,070
OTHER FINANCING USES 0 0 0 0 0 0.00% 0.00% 0.00% 0 0 0
TOTALS 194,221,080 211,276,839 214,079,276 151,191,111 62,888,165 70.62% 69.84% 69.32% 3,634,871 147,556,239 134,632,866
April 30, 2025 April 30, 2024 April 30, 2023
Adopted Expended Budget % of Budget % of Actuals % of Actuals Current YTD
June 30, 2023 June 30, 2024 Budget YTD Remaining Expended Expended Expended vs. PYTD April 30, 2024 April 30, 2023
EXPENDITURES (PROGRAM SERIES)
SITE ADMINISTRATION 5,649,988 5,937,698 5,916,552 4,607,709 1,308,843 77.88% 73.64% 73.62% 235,055 4,372,654 4,159,239
DISTRICT ADMINISTRATION 2,066,685 2,253,174 2,163,815 1,657,907 505,908 76.62% 75.59% 75.39% (45,158) 1,703,065 1,558,073
SUPPORT SERVICES 8,480,643 13,573,362 11,195,235 7,301,947 3,893,288 65.22% 70.40% 94.82% (2,253,542) 9,555,490 8,041,713
REGULAR INSTRUCTION 82,601,340 84,236,339 85,683,378 57,911,103 27,772,275 67.59% 67.53% 65.29% 1,028,350 56,882,753 53,929,285
EXTRA-CURRICULAR ACTIVITES 3,427,588 3,957,212 3,735,491 2,880,043 855,448 77.10% 78.55% 73.35% (228,501) 3,108,544 2,514,195
VOCATIONAL INSTRUCTION 1,298,785 1,449,128 2,182,525 905,104 1,277,421 41.47% 71.05% 73.23% (124,480) 1,029,584 951,138
SPECIAL EDUCATION 31,344,065 35,896,973 40,583,134 31,022,596 9,560,538 76.44% 67.13% 69.51% 6,923,520 24,099,076 21,786,482
COMMUNITY SERVICES 0 4,728 26,000 25,173 827 96.82% 50.80% 0.00% 22,771 2,402 0
INSTRUCTIONAL SUPPORT 14,945,470 15,539,863 13,888,257 8,643,673 5,244,584 62.24% 67.07% 66.18% (1,779,493) 10,423,167 9,891,317
PUPIL SUPPORT SERVICES 25,083,469 28,265,233 28,934,019 19,689,820 9,244,199 68.05% 70.89% 58.23% (346,047) 20,035,867 14,605,969
FACILITIES 18,731,069 18,509,244 18,963,870 14,884,258 4,079,612 78.49% 79.66% 82.27% 140,525 14,743,732 15,410,288
OTHER FINANCING USES 591,978 1,653,885 807,000 1,661,778 (854,778) 205.92% 96.74% 301.56% 61,873 1,599,905 1,785,167
TOTALS 194,221,080 211,276,839 214,079,276 151,191,111 62,888,165 70.62% 69.84% 69.32% 3,634,871 147,556,239 134,632,866

REVENUE & EXPENDITURE SUMMARY BY SOURCE, OBJECT SERIES & PROGRAM SERIES
ROBBINSDALE | April 30, 2025
April 30, 2025 April 30, 2024 April 30, 2023
ACTIVITY - OTHER FUNDS
Budget % of Budget % of Actuals % of Actuals Current YTD
Adopted
REVENUE June 30, 2023 June 30, 2024 Budget Received YTD Remaining Received Received Received vs. PYTD April 30, 2024 April 30, 2023
FOOD SERVICE 7,811,746 8,450,438 9,382,192 5,693,628 3,688,564 60.69% 67.29% 54.03% 7,062 5,686,567 4,221,039
COMMUNITY EDUCATION 11,079,960 10,408,326 11,567,249 8,803,683 2,763,566 76.11% 81.76% 73.09% 293,935 8,509,748 8,098,097
CONSTRUCTION 19,331,655 20,501,328 19,633,125 20,071,332 (438,207) 102.23% 99.48% 99.59% (324,400) 20,395,733 19,251,453
DEBT SERVICE 19,081,751 20,950,614 22,538,584 11,257,836 11,280,748 49.95% 50.68% 56.17% 640,655 10,617,181 10,718,016
TRUST 0 0 0 0 0 0.00% 0.00% 0.00% 0 0 0
CUSTODIAL 0 0 0 0 0 0.00% 0.00% 0.00% 0 0 0
INTERNAL SERVICE 21,193,722 21,858,744 22,375,000 16,604,810 5,770,190 74.21% 83.34% 74.47% (1,611,402) 18,216,212 15,783,723
OPEB REVOCABLE TRUST 0 0 0 0 0 0.00% 0.00% 0.00% 0 0 0
OPEB IRREVOCABLE TRUST 551,012 1,131,423 750,000 882,382 (132,382) 117.65% 53.65% 86.86% 275,415 606,968 478,599
86,916
OPEB DEBT SERVICE 2,727,234 2,731,468 1,681,423 1,416,809 264,614 84.26% 48.69% 52.10% 1,329,893 1,421,007
TOTALS 81,777,081 86,032,341 87,927,573 64,730,481 23,197,092 73.62% 75.97% 73.34% (631,820) 65,362,301 59,971,933
April 30, 2025 April 30, 2024 April 30, 2023
Expended Budget % of Budget % of Actuals % of Actuals
Adopted Current YTD
June 30, 2023 June 30, 2024 Budget YTD Remaining Expended Expended Expended vs. PYTD April 30, 2024 April 30, 2023
EXPENDITURES
FOOD SERVICE 7,303,186 8,371,069 9,455,864 5,910,012 3,545,852 62.50% 78.12% 65.92% (629,884) 6,539,896 4,814,520
COMMUNITY EDUCATION 10,534,716 10,718,905 12,072,159 9,079,839 2,992,320 75.21% 73.17% 72.59% 1,237,221 7,842,618 7,646,978
CONSTRUCTION 21,704,674 16,474,879 19,725,074 9,002,697 10,722,377 45.64% 80.53% 73.48% (4,264,256) 13,266,953 15,948,038
DEBT SERVICE 19,277,965 20,356,268 22,344,805 22,343,912 893 100.00% 99.98% 100.00% 1,990,968 20,352,943 19,277,965
TRUST 0 0 0 0 0 0.00% 0.00% 0.00% 0 0 0
CUSTODIAL 0 0 0 0 0 0.00% 0.00% 0.00% 0 0 0
INTERNAL SERVICE 20,246,491 19,761,244 22,738,000 16,988,517 5,749,483 74.71% 82.58% 70.76% 668,851 16,319,666 14,326,543
OPEB REVOCABLE TRUST 0 0 0 0 0 0.00% 0.00% 0.00% 0 0 0
OPEB IRREVOCABLE TRUST 985,918 34,699 1,710,000 23,559 1,686,441 1.38% 83.49% 3.41% (5,410) 28,969 33,598
OPEB DEBT SERVICE 2,603,093 2,601,613 1,756,500 1,756,500 0 100.00% 100.00% 100.00% (845,113) 2,601,613 2,603,093
TOTALS 82,656,043 78,318,677 89,802,402 65,105,037 24,697,365 72.50% 85.49% 78.22% (1,847,622) 66,952,659 64,650,734
SUMMARY - ALL FUNDS April 30, 2025 April 30, 2024 April 30, 2023
Budget % of Budget % of Actuals % of Actuals
Adopted Current YTD
June 30, 2023 June 30, 2024 Budget YTD Remaining Expended Expended Expended vs. PYTD April 30, 2024 April 30, 2023
SUMMARY
REVENUE 274,855,873 266,501,828 290,193,248 203,747,967 86,445,281 70.21% 72.40% 66.69% 10,812,954 192,935,013 183,296,548
EXPENDITURES 276,877,124 289,595,516 303,881,678 216,296,148 87,585,530 71.18% 74.07% 71.98% 1,787,250 214,508,898 199,283,601
SPENDING VARIANCE (2,021,250) (23,093,688) (13,688,430) (12,548,181) N/A N/A N/A N/A 9,025,704 (21,573,885) (15,987,052)