0 0 0 0 0
32,090
142,640 940,434 941,621 526,942
2,246,425 3,399,2971,301,668 2,479,8974,695,7721,321,492 5,801,9397,854,7688,403,7321,358,243
31, 2022 31, 2022 31, 2022
32,067,59620,915,412 55,404,162 43,923,56314,279,95510,178,978 74,023,895 28,755,79211,883,696 74,023,895
December December December
0 0 0 0
2,402
154,615119,571 753,744 554,415
2,531,590 4,270,8904,788,299 2,568,6911,060,9986,675,4181,680,086 6,153,1599,936,2928,926,5851,211,315
31, 2023 31, 2023 31, 2023
30,931,14223,754,651 57,491,567 43,992,15415,618,05211,297,597 80,720,736 29,382,78112,568,594 80,720,736
December December December
0 0 0 0
26,469
(52,864) (42,696) (82,428)
773,153 142,474 703,615187,772
(396,628)(407,151) (205,875) (495,982)
3,901,8591,113,5651,496,202 4,825,309 3,479,6871,698,831 2,658,529 1,583,2583,544,392 2,658,529
(1,633,452) (2,489,363) (1,650,393) (1,052,076)
vs. PYTD vs. PYTD vs. PYTD
Current YTD Current YTD Current YTD
0.14% 0.00%0.00% 0.00%0.00% 0.00%
26.54%47.17%71.86% 47.98%28.70% 38.34%39.97%34.07%38.15%32.70%81.84%38.11% 43.89%45.56%55.37%34.81%38.55%40.57%37.91%38.82%31.31%44.87%38.11%
229.44%
2022 2022 2022
Received
Expended Expended
% of Actuals % of Actuals % of Actuals
December 31, December 31, December 31,
3.70% 0.00%0.00% 0.00%0.00%
25.66%48.10%85.82% 40.62%31.86% 35.98%38.70%35.70%62.05%58.67%38.38%38.21% 43.26%47.09%49.18%34.88%42.46%38.26%35.01%50.80%39.60%35.15%48.23%73.24%38.21%
2023 2023 2023
Received
Expended Expended
% of Actuals % of Actuals % of Actuals
December 31, December 31, December 31,
0.00%0.00% 0.00%0.00%
24.68%25.87%49.75%77.89% 19.13%30.92% 40.02%40.70%46.76%66.17%30.77%44.19%41.52% 48.03%46.22%51.07%38.14%37.40%30.37%43.33%42.63%37.96%45.76%41.52%
173.37%
1154.86%
2024 2024 2024
Received
Expended Expended
% of Budget % of Budget % of Budget
December 31, December 31, December 31,
0 0 0 0
18,941
(26,371)
437,815
(592,087)
3,633,821 3,796,482 1,980,7855,171,341 2,933,8201,184,9794,813,6132,467,0361,082,3876,864,4329,994,458
Budget Budget Budget
25,505,349 71,145,92423,879,93114,800,021 50,227,16321,076,06517,390,322
Remaining Remaining Remaining
106,281,765 139,236,356 117,415,817 117,415,817
0 0 0 0
66,707 28,871
898,137 346,593 471,987
YTD YTD YTD
1,268,179 3,874,2622,298,936 2,711,1661,018,3025,025,0251,474,211 5,101,0828,430,6031,399,087
34,833,00025,250,852 62,316,877 47,471,84116,391,20512,996,428 83,379,265 30,966,03816,112,98610,639,90783,379,265
Received
Expended Expended
0 0 0 0
2,500
ROBBINSDALE | December 31, 2024
85,648
784,408 807,000
Budget4,902,000 4,694,619 Budget 5,855,0477,470,277 Budget5,644,9862,203,2819,838,6383,941,2471,554,374
Adopted Adopted Adopted
50,756,201 40,271,13627,796,449 81,193,20137,189,05111,965,51428,030,22918,425,061
141,114,765 201,553,233 118,617,765 200,795,082 200,795,082
0 0 0 0
4,728
139,336
2024 2024 2024
4,180,774 6,233,130 6,883,4468,161,7761,963,959 5,937,6982,253,1743,957,2121,449,128 1,653,885
June 30, June 30, June 30,
49,390,069 40,361,93431,641,981 13,573,36284,236,33935,896,97315,539,86328,265,23318,509,244
120,526,178 180,469,487 122,263,742 211,276,839 211,276,839
0 0 0 0 0
198,486 591,978
2023 2023 2023
4,681,601 8,911,1703,980,9231,149,173 5,649,9882,066,6858,480,6433,427,5881,298,785
June 30, June 30, June 30,
23,032,90444,342,363 35,726,85929,880,172 82,601,34031,344,06514,945,47025,083,46918,731,069
120,823,438 193,078,793 114,572,783 194,221,080 194,221,080
REVENUE & EXPENDITURE SUMMARY BY SOURCE, OBJECT SERIES & PROGRAM SERIES
REVENUE CATEGORIESSTATEFEDERALPROPERTY TAXESLOCAL SALES, INS RECOVERY & JUDGEMENTSSALE OF BONDS & LOANSINCOMING TRANSFERS FROM OTH FUNDSLOCAL (FEES, INTEREST, ETC.)TOTALS EXPENDITURES (OBJECT SERIES)SALARIES & WAGESEMPLOYEE BENEFITSPURCHASED SERVICESSUPPLIESEQUIPMENTDEBT SERVICEOTHER EXPENDITURESOTHER FINANCING USESTOTALS EXPENDITURES (PROGRAM SERIES)SITE ADMINISTRATIONDISTRICT ADMINISTRATIONSUPPORT SERVICESREGULAR INSTRUCTIONEXTRA-CURRICULAR ACTIVITESVOCATIONAL INSTRUCTIONSPECIAL EDUCATIONCOMMUNITY SERVICESINSTRUCTIONAL SUPPORTPUPIL SUPPORT SERVICESFACILITIESOTHER FINANCING USESTOTALS

0 0 0
20,848
106,746
(198,846)
2,053,7645,376,895 1,398,535 2,631,8774,557,8003,269,9499,175,706
(1,988,446)
31, 2022 31, 2022 31, 2022
19,262,31710,548,90810,290,80348,732,377 12,338,162 32,101,090
December December December
104,136,539106,124,985
0 0 0
17,29768,506
664,454
2,295,7115,771,001 1,313,732 3,163,7514,669,6619,137,1813,435,1869,291,067
(1,546,607)
31, 2023 31, 2023 31, 2023
20,104,35010,478,28710,837,67551,465,210 29,782,649
December December December
108,956,778110,503,385
0 0 0
82,374
(2,198)
12,636
(38,169) (40,056)
152,440607,957 230,185 709,614110,269692,056
(407,936) (179,116)
(195,664)
5,055,4941,322,9563,732,538
(2,609,593) (1,335,573)
vs. PYTD vs. PYTD
vs. PYTD
Current YTD Current YTD
Current YTD
N/A
0.00%0.00%0.00% 2.11%4.10%
26.29%48.53%99.64%55.28% 48.56% 51.28%59.59% 36.04%43.26%56.85%16.96%45.32%38.84% 37.89%38.33%
-36.09%
Received
Expended Expended
% of Actuals % of Actuals % of Actuals
December 31, December 31, December 31,
N/A
0.00%0.00%0.00% 2.63%
27.17%55.45%98.06%50.01% 49.58%58.73%48.10%59.82% 37.79%43.56%55.46%16.88%47.02%49.85%38.03% 40.88%38.16%
Received
Expended Expended
% of Actuals % of Actuals % of Actuals
December 31, December 31, December 31,
N/A
0.00%0.00%0.00% 0.97%1.62%
26.70%53.06%99.71%49.19% 51.00%64.71%83.03%60.38% 33.39%48.11%35.12%15.83%47.29%33.28% 39.70%39.06%
Received
Expended Expended
% of Budget % of Budget % of Budget
December 31, December 31, December 31,
0 0 0
N/A
58,086
264,662285,317
6,197,4345,240,669 5,920,5215,801,6181,534,9021,728,050
Budget Budget Budget
11,452,34010,424,68933,923,198 12,059,57918,855,45011,127,27757,027,396
Remaining Remaining Remaining
173,159,555174,443,213
0 0 0
15,09828,450
485,338
YTD YTD YTD
2,257,5425,923,441 1,396,106 2,968,0875,379,2746,527,5883,545,4559,983,123 2,185,931
19,696,41411,086,24410,850,31151,695,395 28,447,076
Received
Expended
114,012,271111,826,341
0 0 0
ROBBINSDALE | December 31, 2024
750,000 902,272
Budget8,454,976 1,681,423 Budget8,888,608 1,550,0001,756,500 Budget
Adopted Adopted Adopted
11,164,11019,754,50022,538,58421,275,00085,618,593 11,180,89218,587,16722,400,90521,110,40085,474,472
287,171,826286,269,554
0 0 0
34,699
2024 2024 2024
8,450,438 1,131,4232,731,468 8,371,069 2,601,613
June 30, June 30, June 30,
10,408,32620,501,32820,950,61421,858,74486,032,341 10,718,90516,474,87920,356,26819,761,24478,318,677
(23,093,688)
266,501,828289,595,516
0 0 0
551,012 985,918
2023 2023 2023
7,811,746 2,727,234 7,303,186 2,603,093
(2,021,250)
June 30, June 30, June 30,
11,079,96019,331,65519,081,75121,193,72281,777,081 10,534,71621,704,67419,277,96520,246,49182,656,043
274,855,873276,877,124
REVENUE & EXPENDITURE SUMMARY BY SOURCE, OBJECT SERIES & PROGRAM SERIES
ACTIVITY - OTHER FUNDSREVENUEFOOD SERVICECOMMUNITY EDUCATIONCONSTRUCTIONDEBT SERVICETRUSTCUSTODIALINTERNAL SERVICEOPEB REVOCABLE TRUSTOPEB IRREVOCABLE TRUSTOPEB DEBT SERVICETOTALS EXPENDITURESFOOD SERVICECOMMUNITY EDUCATIONCONSTRUCTIONDEBT SERVICEINTERNAL SERVICEOPEB IRREVOCABLE TRUSTOPEB DEBT SERVICETOTALSSUMMARY - ALL FUNDSSUMMARYREVENUEEXPENDITURESSPENDING VARIANCE