REVENUE & EXPENDITURE SUMMARY BY SOURCE, OBJECT SERIES & PROGRAM SERIES
ROBBINSDALE | November 30, 2024
November November November
30, 2024 30, 2023 30, 2022
Received Budget % of Budget % of Actuals % of Actuals Current YTD November November
Adopted
REVENUE CATEGORIES June 30, 2023 June 30, 2024 Budget YTD Remaining Received Received Received vs. PYTD 30, 2023 30, 2022
STATE 120,823,438 120,526,178 141,114,765 37,941,236 103,173,529 26.89% 17.04% 20.45% 17,406,167 20,535,069 24,703,844
FEDERAL 23,032,904 4,180,774 4,902,000 7,175,133 (2,273,133) 146.37% -52.14% -14.21% 9,354,927 (2,179,794) (3,273,137)
PROPERTY TAXES 44,342,363 49,390,069 50,756,201 24,643,163 26,113,038 48.55% 46.66% 46.07% 1,598,878 23,044,285 20,426,835
LOCAL SALES, INS RECOVERY & JUDGEMENTS 198,486 139,336 85,648 62,091 23,557 72.50% 73.59% 55.74% (40,445) 102,536 110,638
SALE OF BONDS & LOANS 0 0 0 0 0 0.00% 0.00% 0.00% 0 0 0
INCOMING TRANSFERS FROM OTH FUNDS 0 0 0 0 0 0.00% 0.00% 0.00% 0 0 0
LOCAL (FEES, INTEREST, ETC.) 4,681,601 6,233,130 4,694,619 1,609,123 3,085,496 34.28% 33.54% 36.78% (481,253) 2,090,375 1,721,661
TOTALS 193,078,793 180,469,487 201,553,233 71,430,745 130,122,488 35.44% 24.16% 22.63% 27,838,275 43,592,471 43,689,841
November November November
30, 2024 30, 2023 30, 2022
Adopted Expended Budget % of Budget % of Actuals % of Actuals Current YTD November November
EXPENDITURES (OBJECT SERIES) June 30, 2023 June 30, 2024 Budget YTD Remaining Expended Expended Expended vs. PYTD 30, 2023 30, 2022
SALARIES & WAGES 114,572,783 122,263,742 118,617,765 37,274,200 81,343,565 31.42% 24.62% 26.22% 7,169,479 30,104,721 30,041,557
EMPLOYEE BENEFITS 35,726,859 40,361,934 40,271,136 12,981,507 27,289,629 32.24% 27.13% 27.58% 2,029,444 10,952,063 9,853,713
PURCHASED SERVICES 29,880,172 31,641,981 27,796,449 9,229,891 18,566,558 33.21% 27.52% 18.42% 520,779 8,709,112 5,504,710
SUPPLIES 8,911,170 6,883,446 5,855,047 3,232,861 2,622,186 55.21% 55.70% 34.44% (601,185) 3,834,046 3,068,771
EQUIPMENT 3,980,923 8,161,776 7,470,277 2,158,584 5,311,693 28.90% 51.39% 25.77% (2,035,731) 4,194,314 1,025,734
DEBT SERVICE 0 0 0 0 0 0.00% 0.00% 0.00% 0 0 0
OTHER EXPENDITURES 1,149,173 1,963,959 784,408 303,664 480,744 38.71% 33.15% 70.72% (347,318) 650,983 812,746
OTHER FINANCING USES 0 0 0 0 0 0.00% 0.00% 0.00% 0 0 0
TOTALS 194,221,080 211,276,839 200,795,082 65,180,707 135,614,375 32.46% 27.66% 25.90% 6,735,468 58,445,239 50,307,231
November November November
30, 2024 30, 2023 30, 2022
Adopted Expended Budget % of Budget % of Actuals % of Actuals Current YTD November November
EXPENDITURES (PROGRAM SERIES) June 30, 2023 June 30, 2024 Budget YTD Remaining Expended Expended Expended vs. PYTD 30, 2023 30, 2022
SITE ADMINISTRATION 5,649,988 5,937,698 5,644,986 2,235,568 3,409,418 39.60% 32.22% 30.38% 322,382 1,913,186 1,716,656
DISTRICT ADMINISTRATION 2,066,685 2,253,174 2,203,281 842,261 1,361,020 38.23% 36.73% 34.09% 14,747 827,514 704,436
SUPPORT SERVICES 8,480,643 13,573,362 9,838,638 4,451,177 5,387,461 45.24% 40.28% 46.14% (1,016,146) 5,467,323 3,912,968
REGULAR INSTRUCTION 82,601,340 84,236,339 81,193,201 23,727,643 57,465,558 29.22% 23.45% 23.23% 3,970,888 19,756,755 19,191,811
EXTRA-CURRICULAR ACTIVITES 3,427,588 3,957,212 3,941,247 1,185,372 2,755,875 30.08% 33.93% 28.77% (157,447) 1,342,819 986,224
VOCATIONAL INSTRUCTION 1,298,785 1,449,128 1,554,374 353,221 1,201,153 22.72% 25.04% 29.14% (9,693) 362,914 378,485
SPECIAL EDUCATION 31,344,065 35,896,973 37,189,051 12,448,291 24,740,760 33.47% 24.10% 25.85% 3,797,470 8,650,821 8,101,826
COMMUNITY SERVICES 0 4,728 2,500 28,871 (26,371) 1154.86% 50.80% 0.00% 26,469 2,402 0
INSTRUCTIONAL SUPPORT 14,945,470 15,539,863 11,965,514 4,248,329 7,717,185 35.50% 29.99% 28.56% (411,671) 4,660,000 4,268,921
PUPIL SUPPORT SERVICES 25,083,469 28,265,233 28,030,229 7,470,032 20,560,197 26.65% 25.34% 13.42% 307,541 7,162,491 3,365,718
FACILITIES 18,731,069 18,509,244 18,425,061 7,010,737 11,414,324 38.05% 39.61% 35.62% (321,070) 7,331,807 6,672,753
OTHER FINANCING USES 591,978 1,653,885 807,000 1,179,205 (372,205) 146.12% 58.48% 170.18% 211,996 967,208 1,007,433
TOTALS 194,221,080 211,276,839 200,795,082 65,180,707 135,614,375 32.46% 27.66% 25.90% 6,735,468 58,445,239 50,307,231

REVENUE & EXPENDITURE SUMMARY BY SOURCE, OBJECT SERIES & PROGRAM SERIES
ROBBINSDALE | November 30, 2024
30, 2024 30, 2023 30, 2022
ACTIVITY - OTHER FUNDS
Adopted Received Budget % of Budget % of Actuals % of Actuals Current YTD November November
June 30, 2023 June 30, 2024 Budget YTD Remaining Received Received Received vs. PYTD 30, 2023 30, 2022
REVENUE
FOOD SERVICE 7,811,746 8,450,438 8,454,976 1,377,818 7,077,158 16.30% 15.29% 16.78% 85,970 1,291,848 1,310,669
COMMUNITY EDUCATION 11,079,960 10,408,326 11,164,110 4,733,746 6,430,364 42.40% 44.37% 36.97% 115,275 4,618,471 4,096,157
CONSTRUCTION 19,331,655 20,501,328 19,754,500 467,544 19,286,956 2.37% 97.53% 99.39% (19,528,187) 19,995,731 19,213,256
DEBT SERVICE 19,081,751 20,950,614 22,538,584 10,795,910 11,742,674 47.90% 47.99% 53.53% 742,215 10,053,695 10,215,342
TRUST 0 0 0 0 0 0.00% 0.00% 0.00% 0 0 0
CUSTODIAL 0 0 0 0 0 0.00% 0.00% 0.00% 0 0 0
INTERNAL SERVICE 21,193,722 21,858,744 21,275,000 0 21,275,000 0.00% 41.18% 32.15% (9,001,665) 9,001,665 6,814,567
OPEB REVOCABLE TRUST 0 0 0 0 0 0.00% 0.00% 0.00% 0 0 0
OPEB IRREVOCABLE TRUST 551,012 1,131,423 750,000 438,421 311,579 58.46% 6.53% 7.56% 364,524 73,897 41,669
88,419
OPEB DEBT SERVICE 2,727,234 2,731,468 1,681,423 1,362,864 318,559 81.05% 46.66% 50.19% 1,274,445 1,368,856
TOTALS 81,777,081 86,032,341 85,618,593 19,176,303 66,442,290 22.40% 53.83% 52.66% (27,133,449) 46,309,752 43,060,514
30, 2024 30, 2023 30, 2022
Expended Budget % of Budget % of Actuals % of Actuals November November
Adopted Current YTD
June 30, 2023 June 30, 2024 Budget YTD Remaining Expended Expended Expended vs. PYTD 30, 2023 30, 2022
EXPENDITURES
FOOD SERVICE 7,303,186 8,371,069 8,888,608 2,282,500 6,606,108 25.68% 27.35% 26.12% (6,590) 2,289,089 1,907,255
COMMUNITY EDUCATION 10,534,716 10,718,905 11,180,892 4,378,033 6,802,859 39.16% 32.38% 32.59% 907,471 3,470,562 3,432,763
CONSTRUCTION 21,704,674 16,474,879 18,587,167 5,779,451 12,807,716 31.09% 48.65% 52.74% (2,235,008) 8,014,460 11,447,409
DEBT SERVICE 19,277,965 20,356,268 22,400,905 3,545,455 18,855,450 15.83% 16.88% 16.96% 110,269 3,435,186 3,269,949
TRUST 0 0 0 0 0 0.00% 0.00% 0.00% 0 0 0
CUSTODIAL 0 0 0 0 0 0.00% 0.00% 0.00% 0 0 0
INTERNAL SERVICE 20,246,491 19,761,244 21,110,400 11,906,419 9,203,981 56.40% 36.30% 33.65% 4,733,896 7,172,523 6,813,037
OPEB REVOCABLE TRUST 0 0 0 0 0 0.00% 0.00% 0.00% 0 0 0
OPEB IRREVOCABLE TRUST 985,918 34,699 1,550,000 8,981 1,541,019 0.58% 41.75% 1.76% (5,506) 14,488 17,321
OPEB DEBT SERVICE 2,603,093 2,601,613 1,756,500 28,450 1,728,050 1.62% 2.63% 4.10% (40,056) 68,506 106,746
TOTALS 82,656,043 78,318,677 85,474,472 27,929,290 57,545,182 32.68% 31.24% 32.66% 3,464,477 24,464,813 26,994,480
30, 2024 30, 2023 30, 2022
SUMMARY - ALL FUNDS
Adopted Budget % of Budget % of Actuals % of Actuals Current YTD November November
June 30, 2023 June 30, 2024 Budget YTD Remaining Expended Expended Expended vs. PYTD 30, 2023 30, 2022
SUMMARY
REVENUE 274,855,873 266,501,828 287,171,826 90,607,048 196,564,778 31.55% 33.73% 31.56% 704,826 89,902,222 86,750,355
EXPENDITURES 276,877,124 289,595,516 286,269,554 93,109,997 193,159,557 32.53% 28.63% 27.92% 10,199,944 82,910,052 77,301,711
SPENDING VARIANCE (2,021,250) (23,093,688) 902,272 (2,502,949) N/A N/A N/A N/A (9,495,118) 6,992,170 9,448,644