REVENUE & EXPENDITURE SUMMARY BY SOURCE, OBJECT SERIES & PROGRAM SERIES
ROBBINSDALE | January 31, 2025
January 31, 2025 January 31, 2024 January 31, 2023
Adopted Received Budget % of Budget % of Actuals % of Actuals Current YTD January 31, January 31,
REVENUE CATEGORIES June 30, 2023 June 30, 2024 Budget YTD Remaining Received Received Received vs. PYTD 2024 2023
STATE 120,823,438 120,526,178 141,114,765 50,848,529 90,266,236 36.03% 38.25% 37.96% 4,752,369 46,096,160 45,867,389
FEDERAL 23,032,904 4,180,774 4,902,000 3,134,924 1,767,076 63.95% 7.14% 0.14% 2,836,541 298,384 32,090
PROPERTY TAXES 44,342,363 49,390,069 50,756,201 25,250,852 25,505,349 49.75% 48.69% 48.00% 1,203,966 24,046,886 21,285,358
LOCAL SALES, INS RECOVERY & JUDGEMENTS 198,486 139,336 85,648 250,409 (164,761) 292.37% 91.64% 77.42% 122,724 127,685 153,667
SALE OF BONDS & LOANS 0 0 0 0 0 0.00% 0.00% 0.00% 0 0 0
INCOMING TRANSFERS FROM OTH FUNDS 0 0 0 0 0 0.00% 0.00% 0.00% 0 0 0
LOCAL (FEES, INTEREST, ETC.) 4,681,601 6,233,130 4,694,619 1,372,760 3,321,859 29.24% 52.21% 56.93% (1,881,454) 3,254,214 2,665,417
TOTALS 193,078,793 180,469,487 201,553,233 80,857,476 120,695,758 40.12% 40.91% 36.26% 7,034,147 73,823,329 70,003,921
January 31, 2025 January 31, 2024 January 31, 2023
Expended Budget % of Budget % of Actuals % of Actuals Current YTD January 31, January 31,
Adopted
EXPENDITURES (OBJECT SERIES) June 30, 2023 June 30, 2024 Budget YTD Remaining Expended Expended Expended vs. PYTD 2024 2023
SALARIES & WAGES 114,572,783 122,263,742 118,617,765 57,090,064 61,527,701 48.13% 43.20% 45.76% 4,274,305 52,815,759 52,432,288
EMPLOYEE BENEFITS 35,726,859 40,361,934 40,271,136 19,550,362 20,720,774 48.55% 45.99% 47.78% 988,366 18,561,996 17,069,487
PURCHASED SERVICES 29,880,172 31,641,981 27,796,449 16,496,793 11,299,656 59.35% 45.24% 40.12% 2,182,783 14,314,010 11,987,936
SUPPLIES 8,911,170 6,883,446 5,855,047 4,168,728 1,686,319 71.20% 66.99% 43.03% (442,428) 4,611,156 3,834,472
EQUIPMENT 3,980,923 8,161,776 7,470,277 3,012,990 4,457,287 40.33% 64.45% 37.80% (2,246,901) 5,259,891 1,504,912
DEBT SERVICE 0 0 0 0 0 0.00% 0.00% 0.00% 0 0 0
OTHER EXPENDITURES 1,149,173 1,963,959 784,408 371,315 413,093 47.34% 47.65% 99.72% (564,439) 935,753 1,146,004
OTHER FINANCING USES 0 0 0 0 0 0.00% 0.00% 0.00% 0 0 0
TOTALS 194,221,080 211,276,839 200,795,082 100,690,253 100,104,829 50.15% 45.67% 45.30% 4,191,687 96,498,566 87,975,099
January 31, 2025 January 31, 2024 January 31, 2023
Expended Budget % of Budget % of Actuals % of Actuals Current YTD January 31, January 31,
Adopted
EXPENDITURES (PROGRAM SERIES) June 30, 2023 June 30, 2024 Budget YTD Remaining Expended Expended Expended vs. PYTD 2024 2023
SITE ADMINISTRATION 5,649,988 5,937,698 5,644,986 3,179,849 2,465,137 56.33% 50.06% 50.76% 207,291 2,972,558 2,867,746
DISTRICT ADMINISTRATION 2,066,685 2,253,174 2,203,281 1,182,418 1,020,863 53.67% 54.14% 53.28% (37,430) 1,219,848 1,101,094
SUPPORT SERVICES 8,480,643 13,573,362 9,838,638 5,895,483 3,943,155 59.92% 54.38% 64.13% (1,485,672) 7,381,155 5,438,785
REGULAR INSTRUCTION 82,601,340 84,236,339 81,193,201 37,723,574 43,469,627 46.46% 42.81% 42.55% 1,658,648 36,064,926 35,144,749
EXTRA-CURRICULAR ACTIVITES 3,427,588 3,957,212 3,941,247 1,794,778 2,146,469 45.54% 50.84% 46.81% (216,937) 2,011,715 1,604,441
VOCATIONAL INSTRUCTION 1,298,785 1,449,128 1,554,374 575,106 979,268 37.00% 45.92% 49.16% (90,374) 665,480 638,482
SPECIAL EDUCATION 31,344,065 35,896,973 37,189,051 19,745,772 17,443,279 53.10% 42.06% 45.35% 4,648,997 15,096,775 14,214,913
COMMUNITY SERVICES 0 4,728 2,500 28,871 (26,371) 1154.86% 50.80% 0.00% 26,469 2,402 0
INSTRUCTIONAL SUPPORT 14,945,470 15,539,863 11,965,514 5,948,249 6,017,265 49.71% 45.87% 44.91% (1,179,629) 7,127,878 6,711,971
PUPIL SUPPORT SERVICES 25,083,469 28,265,233 28,030,229 13,042,070 14,988,159 46.53% 43.21% 36.44% 827,466 12,214,604 9,141,369
FACILITIES 18,731,069 18,509,244 18,425,061 10,219,351 8,205,710 55.46% 56.96% 52.07% (323,393) 10,542,744 9,753,289
OTHER FINANCING USES 591,978 1,653,885 807,000 1,354,731 (547,731) 167.87% 72.46% 229.44% 156,250 1,198,481 1,358,260
TOTALS 194,221,080 211,276,839 200,795,082 100,690,253 100,104,829 50.15% 45.67% 45.30% 4,191,687 96,498,566 87,975,099

REVENUE & EXPENDITURE SUMMARY BY SOURCE, OBJECT SERIES & PROGRAM SERIES
ROBBINSDALE | January 31, 2025
ACTIVITY - OTHER FUNDS January 31, 2025 January 31, 2024 January 31, 2023
Adopted Received Budget % of Budget % of Actuals % of Actuals Current YTD January 31, January 31,
June 30, 2023 June 30, 2024 Budget YTD Remaining Received Received Received vs. PYTD 2024 2023
REVENUE
FOOD SERVICE 7,811,746 8,450,438 8,454,976 3,863,556 4,591,420 45.70% 46.19% 34.88% (39,991) 3,903,547 2,725,110
COMMUNITY EDUCATION 11,079,960 10,408,326 11,164,110 6,406,201 4,757,909 57.38% 60.74% 53.15% 84,512 6,321,689 5,889,144
CONSTRUCTION 19,331,655 20,501,328 19,754,500 19,803,588 (49,088) 100.25% 98.56% 99.53% (402,483) 20,206,071 19,240,074
DEBT SERVICE 19,081,751 20,950,614 22,538,584 11,086,493 11,452,091 49.19% 50.58% 56.07% 488,770 10,597,723 10,699,318
TRUST 0 0 0 0 0 0.00% 0.00% 0.00% 0 0 0
CUSTODIAL 0 0 0 0 0 0.00% 0.00% 0.00% 0 0 0
INTERNAL SERVICE 21,193,722 21,858,744 21,275,000 10,850,311 10,424,689 51.00% 58.04% 48.56% (1,835,694) 12,686,005 10,290,803
OPEB REVOCABLE TRUST 0 0 0 0 0 0.00% 0.00% 0.00% 0 0 0
OPEB IRREVOCABLE TRUST 551,012 1,131,423 750,000 685,143 64,857 91.35% 60.29% 78.27% 3,008 682,135 431,295
66,212
OPEB DEBT SERVICE 2,727,234 2,731,468 1,681,423 1,396,106 285,317 83.03% 48.69% 52.10% 1,329,893 1,421,007
TOTALS 81,777,081 86,032,341 85,618,593 54,091,397 31,527,196 63.18% 64.77% 61.99% (1,635,666) 55,727,063 50,696,752
January 31, 2025 January 31, 2024 January 31, 2023
Adopted Expended Budget % of Budget % of Actuals % of Actuals Current YTD January 31, January 31,
June 30, 2023 June 30, 2024 Budget YTD Remaining Expended Expended Expended vs. PYTD 2024 2023
EXPENDITURES
FOOD SERVICE 7,303,186 8,371,069 8,888,608 3,666,416 5,222,192 41.25% 45.58% 40.99% (148,857) 3,815,273 2,993,932
COMMUNITY EDUCATION 10,534,716 10,718,905 11,180,892 6,267,126 4,913,766 56.05% 50.36% 49.97% 868,671 5,398,455 5,263,983
CONSTRUCTION 21,704,674 16,474,879 18,587,167 7,206,209 11,380,958 38.77% 64.72% 61.26% (3,456,453) 10,662,663 13,296,941
DEBT SERVICE 19,277,965 20,356,268 22,400,905 21,645,787 755,118 96.63% 96.62% 96.42% 1,978,366 19,667,420 18,587,037
TRUST 0 0 0 0 0 0.00% 0.00% 0.00% 0 0 0
CUSTODIAL 0 0 0 0 0 0.00% 0.00% 0.00% 0 0 0
INTERNAL SERVICE 20,246,491 19,761,244 21,110,400 11,907,766 9,202,634 56.41% 54.28% 52.34% 1,181,588 10,726,178 10,597,647
OPEB REVOCABLE TRUST 0 0 0 0 0 0.00% 0.00% 0.00% 0 0 0
OPEB IRREVOCABLE TRUST 985,918 34,699 1,550,000 18,149 1,531,851 1.17% 58.18% 2.44% (2,038) 20,187 24,036
OPEB DEBT SERVICE 2,603,093 2,601,613 1,756,500 1,756,500 0 100.00% 100.00% 100.00% (845,113) 2,601,613 2,603,093
TOTALS 82,656,043 78,318,677 85,474,472 52,467,954 33,006,518 61.38% 67.53% 64.56% (423,836) 52,891,789 53,366,668
January 31, 2025 January 31, 2024 January 31, 2023
SUMMARY - ALL FUNDS
Adopted Budget % of Budget % of Actuals % of Actuals Current YTD January 31, January 31,
SUMMARY June 30, 2023 June 30, 2024 Budget YTD Remaining Expended Expended Expended vs. PYTD 2024 2023
REVENUE 274,855,873 266,501,828 287,171,826 134,948,872 152,222,954 46.99% 48.61% 43.91% 5,398,480 129,550,392 120,700,673
EXPENDITURES 276,877,124 289,595,516 286,269,554 153,158,206 133,111,348 53.50% 51.59% 51.05% 3,767,851 149,390,355 141,341,766
SPENDING VARIANCE (2,021,250) (23,093,688) 902,272 (18,209,334) N/A N/A N/A N/A 1,630,629 (19,839,963) (20,641,094)