0 0 0 0 0
156,792 740,565
2023 2023 2023
3,796,416 3,136,460 4,232,7211,742,9171,233,370 3,294,4251,273,8236,028,7212,001,439 7,783,3681,490,542
59,831,61421,285,358 88,206,641 61,454,60720,008,59014,588,338 41,407,81816,699,23911,031,40911,509,194
103,260,544 103,260,544
February 28, February 28, February 28,
0 0 0 0
2,402
309,834131,320 775,614
2024 2024 2024
3,758,534 4,978,9645,537,9711,198,625 3,408,3281,384,4938,036,6712,476,265 8,261,2581,353,754
61,328,47024,046,886 89,575,044 62,067,09921,602,15416,907,139 42,460,88817,950,33814,467,03111,714,910
112,291,952 112,291,952
February 28, February 28, February 28,
0 0 0 0
22,771 78,76879,489
(42,929) (82,356)
121,918 239,284
(546,942)(810,698) (292,842)
5,409,2002,962,3641,578,326 8,276,486 5,214,9981,261,9272,865,389 6,022,868 2,000,2465,528,2691,524,8726,022,868
(1,795,321) (1,961,807) (1,625,468) (1,407,235)
vs. PYTD vs. PYTD vs. PYTD
Current YTD Current YTD Current YTD
0.00%0.00% 0.00%0.00% 0.00%
49.52%16.48%48.00%78.99% 67.00% 53.64%56.00%48.82%47.50%43.78% 58.31%61.64%71.09%50.13%58.39%57.02%53.28%52.08%43.98%61.44%
45.68% 53.17% 53.17%
107.33% 251.79%
Received
Expended Expended
% of Actuals % of Actuals % of Actuals
February 28, 2023 February 28, 2023 February 28, 2023
7.41% 0.00%0.00% 0.00%0.00%
50.88%48.69%94.25% 60.30% 50.76%53.52%53.43%72.33%67.85%61.03% 57.40%61.45%59.21%50.41%62.58%53.52%50.01%50.80%53.16%51.18%63.29%81.85%
49.63% 53.15% 53.15%
Received
Expended Expended
% of Actuals % of Actuals % of Actuals
February 28, 2024 February 28, 2024 February 28, 2024
0.00%0.00% 0.00%0.00%
47.29%66.75%50.49% 41.82% 56.72%56.78%71.13%75.70%47.87%49.45% 64.62%60.89%65.16%54.76%55.40%44.60%63.13%57.28%57.05%64.01%
48.55% 58.92% 58.92%
295.67% 177.60%
1006.92%
Received
Expended Expended
% of Budget % of Budget % of Budget
February 28, 2025 February 28, 2025 February 28, 2025
0 0 0 0
(22,673)
396,480 861,718 861,116
(167,589) (626,243)
1,629,802 2,731,406 8,023,9211,423,0253,894,113 1,997,3743,427,4361,757,824 5,111,4916,631,384
Budget Budget Budget
74,377,09525,130,989 51,335,66817,407,055 82,480,262 36,732,06713,710,44412,038,32582,480,262
103,701,703
Remaining Remaining Remaining
0 0 0 0
25,173
253,237 387,928 693,258
YTD
YTD YTD
3,272,198 1,963,213 4,432,0223,576,164 3,647,6121,341,5636,411,2022,183,423 6,854,0231,433,243
66,737,67025,625,212 97,851,530 67,282,09722,864,08119,772,528 44,461,13423,478,60715,991,90411,793,677
Received
Expended Expended
118,314,820 118,314,820
0 0 0 0
25,218
ROBBINSDALE | February 28, 2025
262,887 837,769
6,562,754 3,847,849 6,705,4106,947,468 5,996,2562,279,3653,827,9331,447,622 1,460,784
49,292,926 41,044,82433,176,965 10,429,81283,627,57040,816,98112,351,62230,426,20119,672,965
Projected Projected Projected
140,926,154 200,892,569 123,649,891 212,362,327 212,362,327
End Of Year End Of Year End Of Year
0 0 0 0
2,500
85,648
784,408 807,000
4,902,000 4,694,619 5,855,0477,470,277 5,644,9862,203,2819,838,6383,941,2471,554,374
Budget Budget Budget
Adopted Adopted Adopted
50,756,201 40,271,13627,796,449 81,193,20137,189,05111,965,51428,030,22918,425,061
141,114,765 201,553,233 118,617,765 200,795,082 200,795,082
0 0 0 0
4,728
139,336
4,180,774 6,233,130 6,883,4468,161,7761,963,959 5,937,6982,253,1743,957,2121,449,128 1,653,885
49,390,069 40,361,93431,641,981 13,573,36284,236,33935,896,97315,539,86328,265,23318,509,244
120,526,178 180,469,487 122,263,742 211,276,839 211,276,839
0 0 0 0 0
591,978
198,486
8,911,1703,980,923 5,649,9882,066,6853,427,5881,298,785
4,681,601 1,149,173 8,480,643
23,032,90444,342,363 35,726,85929,880,172 82,601,34031,344,06514,945,47025,083,46918,731,069
120,823,438 193,078,793 114,572,783 194,221,080 194,221,080
June 30, 2023 June 30, 2024 June 30, 2023 June 30, 2024 June 30, 2023 June 30, 2024
REVENUE & EXPENDITURE SUMMARY BY SOURCE, OBJECT SERIES & PROGRAM SERIES
REVENUE CATEGORIESSTATEFEDERALPROPERTY TAXESLOCAL SALES, INS RECOVERY & JUDGEMENTSSALE OF BONDS & LOANSINCOMING TRANSFERS FROM OTH FUNDSLOCAL (FEES, INTEREST, ETC.)TOTALS EXPENDITURES (OBJECT SERIES)SALARIES & WAGESEMPLOYEE BENEFITSPURCHASED SERVICESSUPPLIESEQUIPMENTDEBT SERVICEOTHER EXPENDITURESOTHER FINANCING USESTOTALS EXPENDITURES (PROGRAM SERIES)SITE ADMINISTRATIONDISTRICT ADMINISTRATIONSUPPORT SERVICESREGULAR INSTRUCTIONEXTRA-CURRICULAR ACTIVITESVOCATIONAL INSTRUCTIONSPECIAL EDUCATIONCOMMUNITY SERVICESINSTRUCTIONAL SUPPORTPUPIL SUPPORT SERVICESFACILITIESOTHER FINANCING USESTOTALS

0 0 0 0 0 0
74,745 27,205
2023 2023 2023
3,298,8606,254,655 1,421,007 3,675,3456,085,744 2,603,093
19,240,67210,717,52913,977,50554,984,974 13,702,74518,590,13711,765,94756,450,215
(16,519,145)
143,191,614159,710,759
February 28, February 28, February 28,
0 0 0 0 0 0
23,220
791,543
2024 2024 2024
4,636,2376,689,239 1,329,893 4,741,720 2,601,613
6,203,744
20,282,42910,616,61912,686,00557,031,965 11,929,02119,667,42012,520,69757,687,435
(23,372,378)
146,607,009169,979,386
February 28, February 28, February 28,
0 0 0 0 0 0
86,916
(2,317)
90,091 57,909
286,039640,731 962,344 407,367
(391,785) (262,327) (845,113)
1,998,125 2,768,026 1,978,366 4,226,5456,817,967
(4,034,644) (1,796,324)
11,044,512
vs. PYTD vs. PYTD
vs. PYTD
Current YTD Current YTD
Current YTD
N/A
0.00%0.00%0.00% 0.00%0.00%0.00%2.76%
42.23%56.45%99.53%56.17% 65.95%13.57%52.10% 50.33%57.77%63.13%96.43% 58.11% 52.10%57.68%
67.24% 68.30%
100.00%
Received
Expended Expended
% of Actuals % of Actuals % of Actuals
February 28, 2023 February 28, 2023 February 28, 2023
N/A
0.00%0.00%0.00% 0.00%0.00%0.00%
54.86%64.27%98.93%50.67% 58.04%69.96%48.69% 56.64%57.88%72.41%96.62% 63.36%66.92% 55.01%58.70%
66.29% 73.66%
100.00%
Received
Expended Expended
% of Actuals % of Actuals % of Actuals
February 28, 2024 February 28, 2024 February 28, 2024
N/A
0.00%0.00%0.00% 0.00%0.00%0.00%1.35%
55.90%62.48%49.95% 69.02% 84.26% 50.39%64.09%42.47%96.63% 61.24% 54.90%60.85%
69.84% 65.39%
100.69% 113.26% 100.00%
Received
Expended Expended
% of Budget % of Budget % of Budget
February 28, 2025 February 28, 2025 February 28, 2025
0 0 0 0 0 0 0
N/A
(99,452)
264,614 755,118
(136,144)
3,728,6474,188,833 6,590,870 4,409,2154,014,804 8,182,3361,529,097
Budget Budget Budget
11,281,234 25,818,603 10,692,790 29,583,361
129,520,306112,063,623
Remaining Remaining Remaining
0 0 0 0 0 0
20,903
849,452
YTD
YTD YTD
4,726,3296,975,277 1,416,809 4,479,3937,166,0887,894,377 1,756,500
19,890,64411,257,35014,684,13059,799,990 21,645,78712,928,06455,891,111
Received
(16,554,411)
Expended
157,651,520174,205,931
0 0 0 0 0 0
ROBBINSDALE | February 28, 2025
970,161 366,078
9,156,612 1,883,362 8,472,720 1,536,6061,962,216
11,263,65620,137,71719,897,54222,793,09586,102,146 11,647,82214,202,16715,860,67720,584,10374,266,310
Projected Projected Projected
286,994,715286,628,637
End Of Year End Of Year End Of Year
0 0 0 0 0 0
750,000 902,272
8,454,976 1,681,423 8,888,608 1,550,0001,756,500
Budget Budget Budget
Adopted Adopted Adopted
11,164,11019,754,50022,538,58421,275,00085,618,593 11,180,89218,587,16722,400,90521,110,40085,474,472
287,171,826286,269,554
0 0 0 0 0 0
34,699
8,450,438 1,131,4232,731,468 8,371,069 2,601,613
10,408,32620,501,32820,950,61421,858,74486,032,341 10,718,90516,474,87920,356,26819,761,24478,318,677
(23,093,688)
266,501,828
289,595,516
0 0 0 0 0 0
551,012 985,918
7,811,746 7,303,186
2,727,234 2,603,093
(2,021,250)
11,079,96019,331,65519,081,75121,193,72281,777,081 10,534,71621,704,67419,277,96520,246,49182,656,043
274,855,873276,877,124
June 30, 2023 June 30, 2024 June 30, 2023 June 30, 2024 June 30, 2023 June 30, 2024
REVENUE & EXPENDITURE SUMMARY BY SOURCE, OBJECT SERIES & PROGRAM SERIES
ACTIVITY - OTHER FUNDSREVENUEFOOD SERVICECOMMUNITY EDUCATIONCONSTRUCTIONDEBT SERVICETRUSTCUSTODIALINTERNAL SERVICEOPEB REVOCABLE TRUSTOPEB IRREVOCABLE TRUSTOPEB DEBT SERVICETOTALS EXPENDITURESFOOD SERVICECOMMUNITY EDUCATIONCONSTRUCTIONDEBT SERVICETRUSTCUSTODIALINTERNAL SERVICEOPEB REVOCABLE TRUSTOPEB IRREVOCABLE TRUSTOPEB DEBT SERVICETOTALSSUMMARY - ALL FUNDSSUMMARYREVENUEEXPENDITURESSPENDING VARIANCE