REVENUE & EXPENDITURE SUMMARY BY SOURCE, OBJECT SERIES & PROGRAM SERIES
ROBBINSDALE | March 31, 2025
March 31, 2025 March 31, 2024 March 31, 2023
Received Budget % of Budget % of Actuals % of Actuals Current YTD March 31, March 31,
Adopted
REVENUE CATEGORIES June 30, 2023 June 30, 2024 Budget YTD Remaining Received Received Received vs. PYTD 2024 2023
STATE 120,823,438 120,526,178 142,880,096 85,832,114 57,047,982 60.07% 66.11% 63.03% 6,157,453 79,674,661 76,150,473
FEDERAL 23,032,904 4,180,774 4,681,553 4,487,029 194,524 95.84% 8.04% 17.45% 4,150,871 336,158 4,018,660
PROPERTY TAXES 44,342,363 49,390,069 50,756,201 25,625,212 25,130,989 50.49% 48.69% 48.00% 1,578,326 24,046,886 21,285,358
LOCAL SALES, INS RECOVERY & JUDGEMENTS 198,486 139,336 71,439 255,031 (183,592) 356.99% 93.53% 80.71% 124,713 130,319 160,193
SALE OF BONDS & LOANS 0 0 0 0 0 0.00% 0.00% 0.00% 0 0 0
INCOMING TRANSFERS FROM OTH FUNDS 0 0 0 0 0 0.00% 0.00% 0.00% 0 0 0
LOCAL (FEES, INTEREST, ETC.) 4,681,601 6,233,130 3,876,386 2,554,772 1,321,614 65.91% 66.23% 92.03% (1,573,596) 4,128,368 4,308,520
TOTALS 193,078,793 180,469,487 202,265,675 118,754,158 83,511,517 58.71% 60.02% 54.86% 10,437,766 108,316,392 105,923,204
March 31, 2025 March 31, 2024 March 31, 2023
Adopted Expended Budget % of Budget % of Actuals % of Actuals Current YTD March 31, March 31,
EXPENDITURES (OBJECT SERIES) June 30, 2023 June 30, 2024 Budget YTD Remaining Expended Expended Expended vs. PYTD 2024 2023
SALARIES & WAGES 114,572,783 122,263,742 123,563,030 77,381,109 46,181,921 62.62% 58.36% 61.53% 6,024,807 71,356,302 70,493,928
EMPLOYEE BENEFITS 35,726,859 40,361,934 43,913,788 26,347,677 17,566,111 60.00% 61.73% 65.12% 1,434,248 24,913,430 23,264,747
PURCHASED SERVICES 29,880,172 31,641,981 31,243,967 22,981,372 8,262,595 73.55% 64.72% 60.61% 2,501,540 20,479,832 18,110,605
SUPPLIES 8,911,170 6,883,446 6,838,683 4,909,257 1,929,426 71.79% 78.51% 49.90% (494,715) 5,403,973 4,447,000
EQUIPMENT 3,980,923 8,161,776 7,609,527 3,712,954 3,896,573 48.79% 71.75% 51.56% (2,143,521) 5,856,475 2,052,647
DEBT SERVICE 0 0 0 0 0 0.00% 0.00% 0.00% 0 0 0
OTHER EXPENDITURES 1,149,173 1,963,959 910,281 431,352 478,929 47.39% 69.59% 121.92% (935,410) 1,366,762 1,401,022
OTHER FINANCING USES 0 0 0 0 0 0.00% 0.00% 0.00% 0 0 0
TOTALS 194,221,080 211,276,839 214,079,276 135,763,722 78,315,554 63.42% 61.24% 61.67% 6,386,950 129,376,773 119,769,949
March 31, 2025 March 31, 2024 March 31, 2023
Expended Budget % of Budget % of Actuals % of Actuals Current YTD March 31, March 31,
Adopted
June 30, 2023 June 30, 2024 Budget YTD Remaining Expended Expended Expended vs. PYTD 2024 2023
EXPENDITURES (PROGRAM SERIES)
SITE ADMINISTRATION 5,649,988 5,937,698 5,916,552 4,137,485 1,779,067 69.93% 65.10% 66.32% 271,963 3,865,522 3,746,816
DISTRICT ADMINISTRATION 2,066,685 2,253,174 2,163,815 1,508,831 654,984 69.73% 68.58% 68.58% (36,418) 1,545,249 1,417,410
SUPPORT SERVICES 8,480,643 13,573,362 11,195,235 6,791,668 4,403,567 60.67% 64.84% 78.77% (2,009,259) 8,800,927 6,680,390
REGULAR INSTRUCTION 82,601,340 84,236,339 85,683,378 51,322,659 34,360,719 59.90% 57.89% 57.84% 2,562,347 48,760,312 47,779,039
EXTRA-CURRICULAR ACTIVITES 3,427,588 3,957,212 3,735,491 2,583,738 1,151,753 69.17% 70.80% 66.80% (217,779) 2,801,518 2,289,795
VOCATIONAL INSTRUCTION 1,298,785 1,449,128 2,182,525 798,710 1,383,815 36.60% 61.67% 65.36% (94,921) 893,631 848,852
SPECIAL EDUCATION 31,344,065 35,896,973 40,583,134 27,442,162 13,140,972 67.62% 58.09% 61.55% 6,590,410 20,851,752 19,291,917
COMMUNITY SERVICES 0 4,728 26,000 25,173 827 96.82% 50.80% 0.00% 22,771 2,402 0
INSTRUCTIONAL SUPPORT 14,945,470 15,539,863 13,888,257 7,767,312 6,120,945 55.93% 59.67% 59.58% (1,505,860) 9,273,171 8,904,333
PUPIL SUPPORT SERVICES 25,083,469 28,265,233 28,934,019 18,155,482 10,778,537 62.75% 61.73% 52.24% 707,780 17,447,702 13,103,078
FACILITIES 18,731,069 18,509,244 18,963,870 13,568,723 5,395,147 71.55% 73.14% 74.33% 31,465 13,537,258 13,923,548
OTHER FINANCING USES 591,978 1,653,885 807,000 1,661,778 (854,778) 205.92% 96.58% 301.49% 64,450 1,597,328 1,784,771
TOTALS 194,221,080 211,276,839 214,079,276 135,763,722 78,315,554 63.42% 61.24% 61.67% 6,386,950 129,376,773 119,769,949

REVENUE & EXPENDITURE SUMMARY BY SOURCE, OBJECT SERIES & PROGRAM SERIES
ROBBINSDALE | March 31, 2025
March 31, 2025 March 31, 2024 March 31, 2023
ACTIVITY - OTHER FUNDS
Received Budget % of Budget % of Actuals % of Actuals Current YTD March 31, March 31,
Adopted
June 30, 2023 June 30, 2024 Budget YTD Remaining Received Received Received vs. PYTD 2024 2023
REVENUE
FOOD SERVICE 7,811,746 8,450,438 9,382,192 4,824,662 4,557,530 51.42% 55.54% 46.92% 131,471 4,693,191 3,665,422
COMMUNITY EDUCATION 11,079,960 10,408,326 11,567,249 8,340,917 3,226,332 72.11% 77.68% 69.72% 255,642 8,085,275 7,724,476
CONSTRUCTION 19,331,655 20,501,328 19,633,125 19,984,531 (351,406) 101.79% 99.22% 99.53% (356,342) 20,340,873 19,241,440
DEBT SERVICE 19,081,751 20,950,614 22,538,584 11,257,597 11,280,987 49.95% 50.68% 56.17% 640,693 10,616,904 10,717,771
TRUST 0 0 0 0 0 0.00% 0.00% 0.00% 0 0 0
CUSTODIAL 0 0 0 0 0 0.00% 0.00% 0.00% 0 0 0
INTERNAL SERVICE 21,193,722 21,858,744 22,375,000 16,604,810 5,770,190 74.21% 74.92% 74.47% 227,456 16,377,354 15,783,723
OPEB REVOCABLE TRUST 0 0 0 0 0 0.00% 0.00% 0.00% 0 0 0
OPEB IRREVOCABLE TRUST 551,012 1,131,423 750,000 849,452 (99,452) 113.26% 90.46% 68.25% (174,001) 1,023,453 376,074
OPEB DEBT SERVICE 2,727,234 2,731,468 1,681,423 1,416,809 264,614 84.26% 48.69% 52.10% 86,916 1,329,893 1,421,007
TOTALS 81,777,081 86,032,341 87,927,573 63,278,778 24,648,795 71.97% 72.61% 72.06% 811,834 62,466,944 58,929,912
March 31, 2025 March 31, 2024 March 31, 2023
Adopted Expended Budget % of Budget % of Actuals % of Actuals Current YTD March 31, March 31,
EXPENDITURES June 30, 2023 June 30, 2024 Budget YTD Remaining Expended Expended Expended vs. PYTD 2024 2023
FOOD SERVICE 7,303,186 8,371,069 9,455,864 5,267,810 4,188,054 55.71% 67.89% 58.24% (415,661) 5,683,470 4,253,401
COMMUNITY EDUCATION 10,534,716 10,718,905 12,072,159 8,169,565 3,902,594 67.67% 65.18% 65.51% 1,182,757 6,986,808 6,901,569
CONSTRUCTION 21,704,674 16,474,879 19,725,074 8,919,631 10,805,443 45.22% 76.17% 68.37% (3,630,093) 12,549,724 14,840,498
DEBT SERVICE 19,277,965 20,356,268 22,344,805 22,343,912 893 100.00% 99.98% 100.00% 1,990,968 20,352,943 19,277,965
TRUST 0 0 0 0 0 0.00% 0.00% 0.00% 0 0 0
CUSTODIAL 0 0 0 0 0 0.00% 0.00% 0.00% 0 0 0
INTERNAL SERVICE 20,246,491 19,761,244 22,738,000 14,822,543 7,915,457 65.19% 73.29% 64.29% 339,556 14,482,987 13,015,891
OPEB REVOCABLE TRUST 0 0 0 0 0 0.00% 0.00% 0.00% 0 0 0
OPEB IRREVOCABLE TRUST 985,918 34,699 1,710,000 20,903 1,689,097 1.22% 75.48% 3.10% (5,289) 26,192 30,606
OPEB DEBT SERVICE 2,603,093 2,601,613 1,756,500 1,756,500 0 100.00% 100.00% 100.00% (845,113) 2,601,613 2,603,093
TOTALS 82,656,043 78,318,677 89,802,402 61,300,863 28,501,539 68.26% 80.04% 73.71% (1,382,874) 62,683,737 60,923,024
March 31, 2025 March 31, 2024 March 31, 2023
SUMMARY - ALL FUNDS
Budget % of Budget % of Actuals % of Actuals March 31, March 31,
Adopted Current YTD
June 30, 2023 June 30, 2024 Budget YTD Remaining Expended Expended Expended vs. PYTD 2024 2023
SUMMARY
REVENUE 274,855,873 266,501,828 290,193,248 182,032,935 108,160,313 62.73% 64.08% 59.98% 11,249,600 170,783,336 164,853,116
EXPENDITURES 276,877,124 289,595,516 303,881,678 197,064,585 106,817,093 64.85% 66.32% 65.26% 5,004,075 192,060,510 180,692,973
SPENDING VARIANCE (2,021,250) (23,093,688) (13,688,430) (15,031,650) N/A N/A N/A N/A 6,245,525 (21,277,175) (15,839,856)