REVENUE & EXPENDITURE SUMMARY BY SOURCE, OBJECT SERIES & PROGRAM SERIES
ROBBINSDALE | June 30, 2025
June 30, 2025 June 30, 2024 June 30, 2023
Adopted Projected Received Budget % of Budget % of Actuals % of Actuals Current YTD
REVENUE CATEGORIES June 30, 2023 June 30, 2024 Budget End Of Year YTD Remaining Received Received Received vs. PYTD June 30, 2024 June 30, 2023
STATE 120,823,438 120,526,178 142,880,096 128,479,340 128,479,340 14,400,756 89.92% 100.00% 100.00% 7,953,161 120,526,178 120,823,438
FEDERAL 23,032,904 4,180,774 4,681,553 6,417,803 6,417,803 (1,736,250) 137.09% 100.00% 100.00% 2,237,029 4,180,774 23,032,904
PROPERTY TAXES 44,342,363 49,390,069 50,756,201 50,350,162 50,350,162 406,039 99.20% 100.00% 100.00% 960,094 49,390,069 44,342,363
LOCAL SALES, INS RECOVERY & JUDGEMENTS 198,486 139,336 71,439 332,422 332,422 (260,983) 465.32% 100.00% 100.00% 193,087 139,336 198,486
SALE OF BONDS & LOANS 0 0 0 0 0 0 0.00% 0.00% 0.00% 0 0 0
INCOMING TRANSFERS FROM OTH FUNDS 0 0 0 0 0 0 0.00% 0.00% 0.00% 0 0 0
LOCAL (FEES, INTEREST, ETC.) 4,681,601 6,233,130 3,876,386 3,870,853 3,870,853 5,533 99.86% 100.00% 100.00% (2,362,276) 6,233,130 4,681,601
TOTALS 193,078,793 180,469,487 202,265,675 189,450,581 189,450,581 12,815,094 93.66% 100.00% 100.00% 8,981,094 180,469,487 193,078,793
June 30, 2025 June 30, 2024 June 30, 2023
Projected Expended Budget % of Budget % of Actuals % of Actuals Current YTD
Adopted
June 30, 2023 June 30, 2024 Budget End Of Year YTD Remaining Expended Expended Expended vs. PYTD June 30, 2024 June 30, 2023
EXPENDITURES (OBJECT SERIES)
SALARIES & WAGES 114,572,783 122,263,742 123,563,030 125,069,963 125,069,963 (1,506,933) 101.22% 100.00% 100.00% 2,806,221 122,263,742 114,572,783
EMPLOYEE BENEFITS 35,726,859 40,361,934 43,913,788 41,389,655 41,389,655 2,524,133 94.25% 100.00% 100.00% 1,027,722 40,361,934 35,726,859
PURCHASED SERVICES 29,880,172 31,641,981 31,243,967 34,696,468 34,696,468 (3,452,501) 111.05% 100.00% 100.00% 3,054,488 31,641,981 29,880,172
SUPPLIES 8,911,170 6,883,446 6,838,683 7,157,687 7,157,687 (319,004) 104.66% 100.00% 100.00% 274,241 6,883,446 8,911,170
EQUIPMENT 3,980,923 8,161,776 7,609,527 4,634,597 4,634,597 2,974,930 60.91% 100.00% 100.00% (3,527,180) 8,161,776 3,980,923
DEBT SERVICE 0 0 0 0 0 0 0.00% 0.00% 0.00% 0 0 0
OTHER EXPENDITURES 1,149,173 1,963,959 910,281 596,378 596,378 313,903 65.52% 100.00% 100.00% (1,367,582) 1,963,959 1,149,173
OTHER FINANCING USES 0 0 0 0 0 0 0.00% 0.00% 0.00% 0 0 0
TOTALS 194,221,080 211,276,839 214,079,276 213,544,748 213,544,748 534,528 99.75% 100.00% 100.00% 2,267,909 211,276,839 194,221,080
June 30, 2025 June 30, 2024 June 30, 2023
Adopted Projected Expended Budget % of Budget % of Actuals % of Actuals Current YTD
June 30, 2023 June 30, 2024 Budget End Of Year YTD Remaining Expended Expended Expended vs. PYTD June 30, 2024 June 30, 2023
EXPENDITURES (PROGRAM SERIES)
SITE ADMINISTRATION 5,649,988 5,937,698 5,916,552 6,222,074 6,222,074 (305,522) 105.16% 100.00% 100.00% 284,376 5,937,698 5,649,988
DISTRICT ADMINISTRATION 2,066,685 2,253,174 2,163,815 2,273,180 2,273,180 (109,365) 105.05% 100.00% 100.00% 20,006 2,253,174 2,066,685
SUPPORT SERVICES 8,480,643 13,573,362 11,195,235 8,697,130 8,697,130 2,498,105 77.69% 100.00% 100.00% (4,876,232) 13,573,362 8,480,643
REGULAR INSTRUCTION 82,601,340 84,236,339 85,683,378 84,466,624 84,466,624 1,216,754 98.58% 100.00% 100.00% 230,285 84,236,339 82,601,340
EXTRA-CURRICULAR ACTIVITES 3,427,588 3,957,212 3,735,491 3,636,329 3,636,329 99,162 97.35% 100.00% 100.00% (320,883) 3,957,212 3,427,588
VOCATIONAL INSTRUCTION 1,298,785 1,449,128 2,182,525 1,281,439 1,281,439 901,086 58.71% 100.00% 100.00% (167,689) 1,449,128 1,298,785
SPECIAL EDUCATION 31,344,065 35,896,973 40,583,134 43,701,333 43,701,333 (3,118,199) 107.68% 100.00% 100.00% 7,804,360 35,896,973 31,344,065
COMMUNITY SERVICES 0 4,728 26,000 25,173 25,173 827 96.82% 100.00% 0.00% 20,445 4,728 0
INSTRUCTIONAL SUPPORT 14,945,470 15,539,863 13,888,257 13,821,259 13,821,259 66,998 99.52% 100.00% 100.00% (1,718,604) 15,539,863 14,945,470
PUPIL SUPPORT SERVICES 25,083,469 28,265,233 28,934,019 28,713,385 28,713,385 220,634 99.24% 100.00% 100.00% 448,152 28,265,233 25,083,469
FACILITIES 18,731,069 18,509,244 18,963,870 18,200,617 18,200,617 763,253 95.98% 100.00% 100.00% (308,627) 18,509,244 18,731,069
OTHER FINANCING USES 591,978 1,653,885 807,000 2,506,206 2,506,206 (1,699,206) 310.56% 100.00% 100.00% 852,320 1,653,885 591,978
TOTALS 194,221,080 211,276,839 214,079,276 213,544,748 213,544,748 534,528 99.75% 100.00% 100.00% 2,267,909 211,276,839 194,221,080

REVENUE & EXPENDITURE SUMMARY BY SOURCE, OBJECT SERIES & PROGRAM SERIES
ROBBINSDALE | June 30, 2025
June 30, 2025 June 30, 2024 June 30, 2023
ACTIVITY - OTHER FUNDS
Projected Received Budget % of Budget % of Actuals % of Actuals Current YTD
Adopted
REVENUE June 30, 2023 June 30, 2024 Budget End Of Year YTD Remaining Received Received Received vs. PYTD June 30, 2024 June 30, 2023
FOOD SERVICE 7,811,746 8,450,438 9,382,192 8,526,028 8,526,028 856,164 90.87% 100.00% 100.00% 75,590 8,450,438 7,811,746
COMMUNITY EDUCATION 11,079,960 10,408,326 11,567,249 11,334,200 11,334,200 233,049 97.99% 100.00% 100.00% 925,873 10,408,326 11,079,960
CONSTRUCTION 19,331,655 20,501,328 19,633,125 20,228,476 20,228,476 (595,351) 103.03% 100.00% 100.00% (272,852) 20,501,328 19,331,655
DEBT SERVICE 19,081,751 20,950,614 22,538,584 23,725,194 23,725,194 (1,186,610) 105.26% 100.00% 100.00% 2,774,580 20,950,614 19,081,751
TRUST 0 0 0 0 0 0 0.00% 0.00% 0.00% 0 0 0
CUSTODIAL 0 0 0 0 0 0 0.00% 0.00% 0.00% 0 0 0
INTERNAL SERVICE 21,193,722 21,858,744 22,375,000 22,258,103 22,258,103 116,897 99.48% 100.00% 100.00% 399,359 21,858,744 21,193,722
OPEB REVOCABLE TRUST 0 0 0 0 0 0 0.00% 0.00% 0.00% 0 0 0
OPEB IRREVOCABLE TRUST 551,012 1,131,423 750,000 1,205,774 1,205,774 (455,774) 160.77% 100.00% 100.00% 74,351 1,131,423 551,012
(1,314,659)
OPEB DEBT SERVICE 2,727,234 2,731,468 1,681,423 1,416,809 1,416,809 264,614 84.26% 100.00% 100.00% 2,731,468 2,727,234
TOTALS 81,777,081 86,032,341 87,927,573 88,694,584 88,694,584 (767,011) 100.87% 100.00% 100.00% 2,662,242 86,032,341 81,777,081
June 30, 2025 June 30, 2024 June 30, 2023
Adopted Projected Expended Budget % of Budget % of Actuals % of Actuals Current YTD
June 30, 2023 June 30, 2024 Budget End Of Year YTD Remaining Expended Expended Expended vs. PYTD June 30, 2024 June 30, 2023
EXPENDITURES
FOOD SERVICE 7,303,186 8,371,069 9,455,864 7,698,198 7,698,198 1,757,666 81.41% 100.00% 100.00% (672,872) 8,371,069 7,303,186
COMMUNITY EDUCATION 10,534,716 10,718,905 12,072,159 12,363,280 12,363,280 (291,121) 102.41% 100.00% 100.00% 1,644,375 10,718,905 10,534,716
CONSTRUCTION 21,704,674 16,474,879 19,725,074 9,713,155 9,713,155 10,011,919 49.24% 100.00% 100.00% (6,761,724) 16,474,879 21,704,674
DEBT SERVICE 19,277,965 20,356,268 22,344,805 22,344,387 22,344,387 418 100.00% 100.00% 100.00% 1,988,118 20,356,268 19,277,965
TRUST 0 0 0 0 0 0 0.00% 0.00% 0.00% 0 0 0
CUSTODIAL 0 0 0 0 0 0 0.00% 0.00% 0.00% 0 0 0
INTERNAL SERVICE 20,246,491 19,761,244 22,738,000 19,955,539 19,955,539 2,782,461 87.76% 100.00% 100.00% 194,295 19,761,244 20,246,491
OPEB REVOCABLE TRUST 0 0 0 0 0 0 0.00% 0.00% 0.00% 0 0 0
OPEB IRREVOCABLE TRUST 985,918 34,699 1,710,000 32,393 32,393 1,677,607 1.89% 100.00% 100.00% (2,306) 34,699 985,918
OPEB DEBT SERVICE 2,603,093 2,601,613 1,756,500 1,756,500 1,756,500 0 100.00% 100.00% 100.00% (845,113) 2,601,613 2,603,093
TOTALS 82,656,043 78,318,677 89,802,402 73,863,451 73,863,451 15,938,951 82.25% 100.00% 100.00% (4,455,226) 78,318,677 82,656,043
SUMMARY - ALL FUNDS June 30, 2025 June 30, 2024 June 30, 2023
Adopted Projected Budget % of Budget % of Actuals % of Actuals Current YTD
June 30, 2023 June 30, 2024 Budget End Of Year YTD Remaining Expended Expended Expended vs. PYTD June 30, 2024 June 30, 2023
SUMMARY
REVENUE 274,855,873 266,501,828 290,193,248 278,145,164 278,145,164 12,048,084 95.85% 100.00% 100.00% 11,643,336 266,501,828 274,855,873
EXPENDITURES 276,877,124 289,595,516 303,881,678 287,408,199 287,408,199 16,473,479 94.58% 100.00% 100.00% (2,187,317) 289,595,516 276,877,124
SPENDING VARIANCE (2,021,250) (23,093,688) (13,688,430) (9,263,035) (9,263,035) N/A N/A N/A N/A 13,830,653 (23,093,688) (2,021,250)