0 0 0 0
2,402
102,536 650,933 827,912 362,914 967,208
2,248,690 8,673,2123,834,2984,194,357 1,913,1865,477,4691,342,8198,604,1384,625,2577,162,4917,331,804
30, 2023 30, 2023 30, 2023
(2,183,883)
21,394,02423,044,285 44,605,652 30,104,72110,963,605 58,421,127 19,803,527 58,421,127
November November November
0 0 0 0
66,788 25,173
760,304 781,865 315,019 848,859 372,824
8,746,4923,266,7882,162,504 2,238,8684,463,1691,204,369 4,248,1627,065,4626,934,3371,170,602
30, 2024 30, 2024 30, 2024
24,152,16224,649,772 50,410,892 37,268,23012,980,720 64,739,753 23,738,67012,429,259 64,739,753
November November November
0 0 0 0
17,182 24,53711,779
(42,251)(91,678)(46,479) (15,426)
278,821 879,640178,110 180,771315,706779,758
(763,967) (178,977) (173,494)
6,963,876 1,008,047
(6,367,870) (2,577,208)(1,410,817) (2,101,206) (1,933,827) (1,110,602)(2,101,206)
vs. PYTD vs. PYTD vs. PYTD
(12,863,782)
Current YTD Current YTD Current YTD
0.00%0.00% 0.00%0.00% 8.49%
21.92% 27.81% 27.81%
15.35%49.22%72.54% 41.25% 24.61%28.40%27.21%54.42%45.53%66.00% 32.05%36.18%47.07%23.59%33.81%25.51%24.50%29.31%23.33%39.38%
-20.50%
167.45%
30, 2023 30, 2023 30, 2023
Received
November NovemberExpended NovemberExpended
% of Actuals % of Actuals % of Actuals
8.95% 0.00%0.00% 0.00%0.00%
24.29% 30.48% 30.48%
16.89%47.95%20.14% 18.12% 29.77%32.46%25.22%44.62%46.38%58.64% 35.53%37.13%54.00%28.33%32.23%30.80%28.81%30.58%23.64%36.59%
100.00% 133.23%
30, 2024 30, 2024 30, 2024
Received
November NovemberExpended NovemberExpended
% of Actuals % of Actuals % of Actuals
0.00%0.00% 0.00%0.00%
-0.06%
21.49% 30.08% 30.08%
21.39%23.67% 32.21% 29.42%31.51%22.30%50.09%45.56%30.72% 35.74%52.68%47.36%27.01%35.36%26.38%31.86%36.38%19.16%35.11%
108.72% 142.12% 133.06%
30, 2025 30, 2025 30, 2025
Received
November NovemberExpended NovemberExpended
% of Budget % of Budget % of Budget
0 0 0 0
(6,736)
(10,952)
680,240
(287,034)
6,247,427 2,232,508 4,259,1163,634,7501,112,042 3,949,8794,768,7522,116,8181,108,7787,979,770
Budget Budget Budget
38,015,479 83,209,84327,820,18025,564,336 58,928,87026,974,67825,131,06214,259,406
Remaining Remaining Remaining
114,374,456 160,863,134 145,600,267 145,600,267
0 0 0 0
(3,663)
83,970 36,952
YTD YTD 493,128 YTD 757,181 397,362
1,060,687 7,335,6754,274,8353,042,144 2,196,6174,289,6751,157,890 4,563,8685,954,8607,714,0951,155,175
Received
31,116,03811,785,990 44,043,022 34,691,02312,801,743 62,638,548 21,804,84312,610,030 62,638,548
Expended Expended
0 0 0 0
77,234 26,000
868,141
6,243,764 3,293,195 8,533,9516,676,8941,605,170 6,146,4961,437,4219,058,4273,274,7081,506,140
Budget Budget Budget
Adopted Adopted Adopted
49,801,469 40,621,92332,900,011 80,733,71339,584,70812,543,63831,085,92221,973,501
145,490,494 204,906,156 117,900,866 208,238,815 208,238,815
ROBBINSDALE | November 30, 2025
0 0 0
318
25,173
537,206 878,652
331,584
8,493,953 4,313,777 7,322,1244,662,134 6,301,1382,286,1368,265,8263,737,1521,210,367
51,411,694 39,994,82434,677,359 83,807,96543,142,77513,892,70729,893,61718,950,163
142,998,247 207,549,255 125,197,706 212,391,670 212,391,670
June 30, 2025 June 30, 2025 June 30, 2025
0 0 0
28,281
141,342 986,253 577,622
2024 2024 2024
3,971,364
1,050,0605,451,155 7,045,1949,213,251 5,968,5652,288,514 1,422,538
June 30, June 30, June 30,
10,651,54446,814,895 38,608,85731,880,227 11,635,99783,933,27635,118,40015,782,83730,702,66118,620,123
139,410,317 203,519,313 122,316,393 210,050,176 210,050,176
REVENUE & EXPENDITURE SUMMARY BY SOURCE, OBJECT SERIES & PROGRAM SERIES
REVENUE CATEGORIESSTATEFEDERALPROPERTY TAXESLOCAL SALES, INS RECOVERY & JUDGEMENTSSALE OF BONDS & LOANSINCOMING TRANSFERS FROM OTH FUNDSLOCAL (FEES, INTEREST, ETC.)TOTALS EXPENDITURES (OBJECT SERIES)SALARIES & WAGESEMPLOYEE BENEFITSPURCHASED SERVICESSUPPLIESEQUIPMENTDEBT SERVICEOTHER EXPENDITURESOTHER FINANCING USESTOTALS EXPENDITURES (PROGRAM SERIES)SITE ADMINISTRATIONDISTRICT ADMINISTRATIONSUPPORT SERVICESREGULAR INSTRUCTIONEXTRA-CURRICULAR ACTIVITESVOCATIONAL INSTRUCTIONSPECIAL EDUCATIONCOMMUNITY SERVICESINSTRUCTIONAL SUPPORTPUPIL SUPPORT SERVICESFACILITIESOTHER FINANCING USESTOTALS

0 0 0 0 0 0
73,897 14,48868,506
1,291,8484,618,471 9,001,6651,274,445 2,289,1243,470,5628,014,4603,435,1866,888,308 8,313,644
30, 2023 30, 2023 30, 2023
19,995,73110,053,695 46,309,752 24,180,633 90,915,40482,601,760
November November November
0 0 0 0 0 0
12,07828,450
467,544 746,749
1,197,4594,379,654 9,009,3081,362,863 2,283,8764,466,8295,548,7903,545,4557,094,507
30, 2024 30, 2024 30, 2024
(9,439,369)
10,705,901 27,869,479 22,979,986 78,280,37087,719,739
November November November
0 0 0 0 0 0
(6,641)
77,920 53,969
(86,382) (30,154) (28,450)
(248,061)(129,230) (502,350) (273,423)
1,015,899
(4,105,082) (1,362,863)(5,418,069) (1,949,450) (2,156,229) (4,257,435)(7,528,504)
vs. PYTD vs. PYTD
vs. PYTD
(11,785,939)
Current YTD Current YTD
Current YTD
N/A
0.00%0.00%0.00%6.53% 0.00%0.00%0.00%0.86%2.63%
53.20% 28.37%
13.63%41.58%96.70%50.07% 41.01% 48.60% 24.00%31.59%45.65%16.88% 30.57% 31.29%27.97%
30, 2023 30, 2023 30, 2023
Received
November NovemberExpended NovemberExpended
% of Actuals % of Actuals % of Actuals
N/A
2.32%0.00%0.00%0.00% 0.00%0.00%0.00%1.06%1.62%
31.06% 28.88%
12.72%37.14%47.49% 40.39%61.93%59.04% 26.68%35.69%50.53%15.87% 31.86% 26.33%30.05%
30, 2024 30, 2024 30, 2024
Received
November NovemberExpended NovemberExpended
% of Actuals % of Actuals % of Actuals
N/A
0.00%0.00%0.00%0.00% 0.00%0.00%0.00%0.53%0.00%
31.92% 24.46%
24.97%33.58%35.61%25.37% 41.59%32.59% 24.27%35.99%23.25%14.32% 31.85% 24.16%28.45%
30, 2025 30, 2025 30, 2025
Received
November NovemberExpended NovemberExpended
% of Budget % of Budget % of Budget
0 0 0 0 0 0 0 0
N/A
611,687 505,601
6,650,6738,171,217 7,368,2427,889,545 1,024,563
Budget Budget Budget
19,416,94412,532,07447,888,194 11,879,01821,538,73414,596,91664,297,017
Remaining Remaining Remaining
208,751,328209,897,285
0 0 0 0 0 0 0 0
5,437
YTD 338,313 244,399 YTD YTD
2,213,3584,131,5936,600,8198,922,926 2,361,7954,436,6753,599,3413,599,4246,821,084
Received
22,451,410 20,823,757 66,494,43283,462,304
Expended
(16,967,873)
0 0 0 0 0 0 0 0
950,000 750,000
8,864,031 9,730,037 1,030,000
Budget Budget Budget
Adopted Adopted Adopted
12,302,81026,017,76321,455,00070,339,604 12,326,22015,478,35925,138,15821,418,00085,120,774
(18,113,829)
275,245,760293,359,589
ROBBINSDALE | November 30, 2025
0 0 0 0 0 0
9,410,677 1,205,7742,308,563 8,559,143 1,139,1231,756,500 5,329,872
11,792,98620,167,66922,544,26722,305,28089,735,216 12,516,17110,980,44622,343,91222,267,63479,562,928
297,284,471291,954,598
June 30, 2025 June 30, 2025 June 30, 2025
0 0 0 0 0 0
2024 2024 2024
9,479,283 1,131,4232,622,213 9,536,211 1,678,3042,601,613
(4,728,990)
June 30, June 30, June 30,
11,106,89920,678,76320,077,38921,952,31987,048,289 10,986,39617,557,83720,356,26822,529,78985,246,416
290,567,602295,296,592
REVENUE & EXPENDITURE SUMMARY BY SOURCE, OBJECT SERIES & PROGRAM SERIES
ACTIVITY - OTHER FUNDSREVENUEFOOD SERVICECOMMUNITY EDUCATIONCONSTRUCTIONDEBT SERVICETRUSTCUSTODIALINTERNAL SERVICEOPEB REVOCABLE TRUSTOPEB IRREVOCABLE TRUSTOPEB DEBT SERVICETOTALS EXPENDITURESFOOD SERVICECOMMUNITY EDUCATIONCONSTRUCTIONDEBT SERVICETRUSTCUSTODIALINTERNAL SERVICEOPEB REVOCABLE TRUSTOPEB IRREVOCABLE TRUSTOPEB DEBT SERVICETOTALSSUMMARY - ALL FUNDSSUMMARYREVENUEEXPENDITURESSPENDING VARIANCE