Number | District (A) (B) (c) (D} (E) (F) (G)
Adjusted Special Categorical Gross Cross- | Adj. Gen Rev Adj. Net Per WADM
PU Education Revenue Subsidy (B-C) for Special Cross-Subsidy
Expenditure Education (D-E)

273 | Edina Public 24,977,369 20,904,877 4,072,492 767,790 3,304,702 353.36
276 | Minnetonka Public 2852.10 26,415,552 20,236,294 6,179,259 831,615 5,347,644 432.93
277 | Westonka Public 12,852.10 6,571,796 4,669,367 1,902,429 286,873 1,615,555 616.89
278 | Orono Public 2.628.88 5,651,641 4,064,351 1,587,290 114,359 | 1,472,931 460.41
279 | Osseo Public ae 64,087,468 45,125,719 18,961,749 3,708,506 15,253,243 674.81
280 | Richfield Public 22,603.81 16,185,753 11,240,032 4,945,721 905,149 4,040,572 915.39
281 | Robbinsdale Public - 39,702,911 24,461,216 15,241,695 2,879,070 12,362,626 1,064.64
282 | St. Anthony-New Brighton BS12.08 3,983,072 3,005,120 977,952 151,551 826,401 410.07
283 | St. Louis Park Public 2.01828 14,198,206 9,670,492 4,527,714 582,290 3,945,424 831.81
284 | Wayzata Public AASAL 28,556,616 20,717,064 7,839,552 1,079,680 6,759,872 496.21
286 | Brooklyn Center - 6,210,551 5,413,852 796,699 550,519 246,180 103.05
294 | Houston Public 2388.00 4,645,340 4,031,163 614,177 478,485 135,692 62.64
297 | Spring Grove 2.166.30 466,490 393,561 72,930 11,768 61,162 158.76
299 | Caledonia Public - 1,745,587 1,223,732 521,854 43,653 478,202 605.79
300 | La Crescent-Hokah mee' 2,783,133 2,448,431 334,702 85,394 249,307 226.10
306 | Laporte Public a 1,004,049 806,976 197,074 66,401 130,672 333.17
308 | Nevis Public 302.28 1,139,312 919,870 219,442 38,848 180,595 282.77
309 | Park Rapids Public 888.82 4,499,439 3,248,930 1,250,509 243,099 1,007,411 $78.00
314 | Braham Public -- 1,721,490 1,232,096 489,394 60,163 429,231 505.85
316 | Greenway Public -- 4,256,137 3,676,854 579,283 143,540 435,744 403.68
317 | Deer River Public -_ 3,556,289 2,713,334 842,954 147,041 695,914 784.04

Special Education Cross-Subsidies FY 2024

22