0 0 0 0
21,644 26,087
784,606768,962 606,052 281,996 344,114628,056328,416 500,682
2023 2023 2023
9,850,1223,663,2353,065,7362,380,2824,075,783 1,170,6663,357,7655,453,9802,431,3192,034,4342,345,8014,695,835
23,317,154 23,317,154
August 31, August 31, August 31,
(13,309,709) (11,128,444)
0 0 0 0
28,788 26,053
522,219900,603 701,481 891,409133,127 318,441315,674209,796 802,177
2024 2024 2024
9,891,0023,535,9832,755,2622,045,018 1,213,6401,966,5055,371,9032,352,6871,616,0411,949,4843,109,402
15,206,064 17,359,154 19,251,802 19,251,802
August 31, August 31, August 31,
0 0 0 0
(335)
(5,491) (7,287)
44,228 57,963
(96,344) (58,748) (45,175)(68,959)
152,342238,742 230,291137,386352,800
(306,350) (324,482)(204,715)(214,133) (410,993) (185,891)(212,629) (713,385)(410,993)
5,411,2321,546,787 6,549,834
vs. PYTD vs. PYTD vs. PYTD
Current YTD Current YTD Current YTD
7.13% 7.13%
0.65%1.56%0.00%0.00%5.86% 4.94%5.53%8.02% 0.00%0.00% 3.93%7.93%7.28%3.87%6.75%9.82%6.65%
-6.00%
15.53% 23.70%38.46%13.51% 11.53%15.27%24.74% 16.24%30.10%
2023 2023 2023
-315.99%
Received
Expended Expended
August 31, August 31, August 31,
% of Actuals % of Actuals % of Actuals
8.37% 5.76% 5.76%
7.51%1.78%8.19%0.00%0.00% 4.82%5.16%6.38% 0.00%0.00% 3.91%3.68%5.56%3.26%5.69%8.33%5.16%
10.60% 12.03% 19.91%14.41%19.79% 10.78%13.97%22.66% 10.46%31.86%
2024 2024 2024
Received
Expended Expended
August 31, August 31, August 31,
% of Actuals % of Actuals % of Actuals
6.01% 6.01%
1.61%0.00%0.00% 5.37%4.89%6.41%9.42%0.00%4.40%0.00% 4.14%4.76%4.82%3.24%7.09%5.27%9.83%
11.67%
14.17%33.14%30.16% 12.00% 18.52% 12.91%19.01%20.95% 10.83%10.76%
2025 2025 2025
Received
Expended Expended
August 31, August 31, August 31,
% of Budget % of Budget % of Budget
0 0 0 0
53,937
337,005 814,100
2,898,064 6,514,2371,617,532 8,486,1271,164,1567,160,8817,471,5113,999,507
4,174,758
Budget Budget Budget
48,997,210 62,492,96737,213,89810,048,727 63,863,54915,208,40837,527,05728,708,761
Remaining Remaining Remaining
124,873,198 180,997,167 176,906,539 294,793,901 120,052,840 294,793,901
0 0 0 0
23,297 74,379 25,718 88,792
YTD 804,259 395,131 YTD 677,275 YTD 273,265373,637202,509
2,069,006 3,211,5012,550,5482,283,760 1,257,8681,897,5465,186,0122,140,0581,846,3322,086,8693,462,202
Received
20,617,296 23,908,989 10,043,344 18,840,809 18,840,809
Expended Expended
0 0 0 0
77,234
362,723 902,892
6,243,764 3,293,195 7,191,5131,691,912 9,743,9951,437,4219,058,4277,845,1474,202,016
Budget Budget Budget
Adopted Adopted Adopted
ROBBINSDALE | August 31, 202549,801,469 65,704,46939,764,44612,332,488 66,003,60817,054,74039,613,92632,170,963
145,490,494 204,906,156 186,949,883 313,634,709 125,238,853 313,634,709
0 0 0
41
672,815
351,444 457,651
6,954,187 5,829,676 6,186,457 2,279,1348,679,9918,570,3973,773,651 2,517,574
50,664,692 68,589,22143,175,82710,270,045 11,257,817 72,141,77319,409,26737,788,36729,720,907
143,512,631 207,312,630 205,203,988 334,098,393 137,501,865 334,098,393
June 30, 2025 June 30, 2025 June 30, 2025
0 0 0 0
139,336 386,206
2024 2024 2024
7,922,162
4,212,126 2,087,541 2,253,174 4,513,967 1,663,135
June 30, June 30, June 30,
49,390,06910,335,976 66,297,49138,240,54410,043,22810,598,467 10,152,37813,573,36262,848,89120,717,08335,253,88528,909,829
121,262,834 185,340,340 199,535,454 326,802,725 138,608,654 326,802,725
REVENUE & EXPENDITURE SUMMARY BY SOURCE, OBJECT SERIES & PROGRAM SERIES
REVENUE CATEGORIESSTATEFEDERALPROPERTY TAXESLOCAL SALES, INS RECOVERY & JUDGEMENTSSALE OF BONDS & LOANSINCOMING TRANSFERS FROM OTH FUNDSLOCAL (FEES, INTEREST, ETC.)TOTALS EXPENDITURES (OBJECT SERIES)SALARIES & WAGESEMPLOYEE BENEFITSPURCHASED SERVICESSUPPLIESEQUIPMENTDEBT SERVICEOTHER EXPENDITURESOTHER FINANCING USESTOTALS EXPENDITURES (PROGRAM SERIES)SITE ADMINISTRATIONDISTRICT ADMINISTRATIONSUPPORT SERVICESREGULAR INSTRUCTIONEXTRA-CURRICULAR ACTIVITESVOCATIONAL INSTRUCTIONSPECIAL EDUCATIONCOMMUNITY SERVICESINSTRUCTIONAL SUPPORTPUPIL SUPPORT SERVICESFACILITIESOTHER FINANCING USESTOTALS

0 0 0
6,370
42,534 68,106
339,842576,806806,954224,422 486,427 449,768 348,911425,469
2023 2023 2023
2,901,506 8,791,142 2,872,8452,802,0438,073,4847,522,004 3,041,190
14,169,633 22,568,999 45,886,153
August 31, August 31, August 31,
(42,844,964)
0 0 0 0
6,042
49,808 28,050
531,710926,158174,271 787,569 306,855 338,389
2024 2024 2024
3,041,8581,007,994 9,148,532 3,362,9447,671,052
(3,029,815) (5,190,347)
15,667,901 10,282,08318,965,600 33,027,05538,217,402
August 31, August 31, August 31,
0 0 0
(113)
1,000
57,024
(94,218)(37,409)(20,468) (49,808) (28,050)
145,851267,023 382,489323,301795,485
(253,855) (489,076)(531,960) (194,269)
6,950,731 8,287,600 6,017,8757,876,607
(1,858,732)
vs. PYTD vs. PYTD
vs. PYTD
Current YTD Current YTD
Current YTD
N/A
6.32% 7.99%
1.62%0.81%1.78%5.47%0.00%0.00%1.56% 2.57%2.14%9.84%0.00% 0.37%2.62% 0.74%7.53%
11.73% 16.20%48.97% 12.04%18.89% 13.17%16.87%
Received
Expended Expended
August 31, August 31, August 31,
% of Actuals % of Actuals % of Actuals
N/A
8.53% 9.38%
2.89%4.54%1.93%4.44%0.00%0.00%2.21% 1.73% 0.00%0.00%0.38%1.60% 8.45%7.13%
-7.08%
11.32% 15.77%19.73% 12.36%15.86%10.10%17.37%
Received
Expended Expended
August 31, August 31, August 31,
% of Actuals % of Actuals % of Actuals
N/A
9.67%
4.86% 2.00%4.14%0.00%0.00%9.38%0.00% 3.29% 0.00%0.00%0.21%0.00% 8.92%
13.41%
10.23%56.30% 16.21% 13.40%10.51%16.18%12.30%17.05% 10.80%
Received
Expended Expended
August 31, August 31, August 31,
% of Budget % of Budget % of Budget
0
N/A
100 100 100 100
(1,000)
753,415
8,563,540 3,562,197 2,883,634 2,819,587 2,787,551
Budget Budget Budget
24,470,42952,468,57748,668,444 20,291,11123,826,19633,367,94443,860,90549,074,818
Remaining Remaining Remaining
141,370,436 176,027,311 322,367,603470,821,212
0 0 0 0 0
1,000 5,930
YTD437,491970,585153,803 298,493 YTD689,344 395,413 YTD
2,788,0041,072,0109,415,556 3,686,2453,920,9168,466,538
(7,049,079)
Received
15,135,942 10,087,81427,253,201 39,044,93046,094,009
Expended
0 0
100 100 100 100
9,001,0311,724,0003,716,000 3,182,127 3,215,000 2,793,481
Budget Budget Budget
Adopted Adopted Adopted
ROBBINSDALE | August 31, 202527,258,43353,540,58758,084,000 20,980,45627,512,44137,288,86052,327,44359,162,632
156,506,378 203,280,512 361,412,534516,915,221
(155,502,688)
0 0
139,738 138,238
3,929,116 3,992,6762,256,195 3,348,987 1,579,5301,756,500
18,419,44026,873,87322,184,30447,865,61058,026,020 17,743,66227,201,55242,772,98248,374,77959,206,341
183,686,971 202,122,571 390,999,601536,220,964
(145,221,363)
June 30, 2025 June 30, 2025 June 30, 2025
0
159,373993,402 143,373
2024 2024 2024
4,102,734 2,731,468 3,547,5292,521,4161,727,3572,601,613
June 30, June 30, June 30,
20,971,47924,743,76271,010,62645,291,22354,266,540 17,480,54823,853,90542,734,62557,109,270
224,270,608 130,694,559 282,414,195 409,610,948609,216,920
(199,605,972)
REVENUE & EXPENDITURE SUMMARY BY SOURCE, OBJECT SERIES & PROGRAM SERIES
ACTIVITY - OTHER FUNDSREVENUEFOOD SERVICECOMMUNITY EDUCATIONCONSTRUCTIONDEBT SERVICETRUSTCUSTODIALINTERNAL SERVICEOPEB REVOCABLE TRUSTOPEB IRREVOCABLE TRUSTOPEB DEBT SERVICETOTALS EXPENDITURESFOOD SERVICECOMMUNITY EDUCATIONCONSTRUCTIONDEBT SERVICETRUSTCUSTODIALINTERNAL SERVICEOPEB REVOCABLE TRUSTOPEB IRREVOCABLE TRUSTOPEB DEBT SERVICETOTALSSUMMARY - ALL FUNDSSUMMARYREVENUEEXPENDITURESSPENDING VARIANCE