0 0 0 0 0
9917 8779 8962 8038 8220 7277 7450 6575 6745 5876 6049
K-12 total
3089 3047 3224 3085 3264 3139 3319
3583 3140 3319 3271
9-12
0 0 0 0 0
2097 2118 2138 2169 2189 2174 2194 2100 2120 2041 2058
6-8
0 0 0 0 0
696 672
4237 3521 3505 2780 2760 2057 2032 1390 1362
K-5
819 924 836 943 776 875 770 869 768 867
1138
1.128 1.128 1.128 1.128 1.128
12th
819 847 836 786 776 780 770 779 768 807 797
0.987 0.987 0.987 0.987 0.987
11th
847 779 786 774 780 772 779 800 807 819 826
1.009 1.009 1.009 1.009 1.009
10th
779 695 774 693 772 719 800 736 819 745 829
1.113 1.113 1.113 1.113 1.113
9th
695 701 693 727 719 744 736 753 745 731 723
0.989 0.989 0.989 0.989 0.989
8th
701 701 727 717 744 726 753 705 731 644 667
1.037 1.037 1.037 1.037 1.037
7th
701 716 717 725 726 704 705 642 644 666 668
1.002 1.002 1.002 1.002 1.002
6th
716 750 725 729 704 665 642 690 666 696 672
0.966 0.966 0.966 0.966 0.966
5th
0 0
750 733 729 669 665 694 690 700 696
0.994 0.994 0.994 0.994 0.994
4th
0 0 0 0
733 667 669 692 694 698 700
1.003 1.003 1.003 1.003 1.003
3rd
0 0 0 0 0 0
667 685 692 691 698
1.01 1.01 1.01 1.01 1.01
2nd
0 0 0 0 0 0 0 0
685 686 691
1.007 1.007 1.007 1.007 1.007
1st
0 0 0 0 0
686
K (+Hdcp)
Yellow - Input CellsWhite - Formula CellsRobbinsdale / High Survival Rate2025-2625-26 CohortSurvival Rate26-27 Projected26-27 CohortSurvival Rate27-28 Projected27-28 CohortSurvival Rate28-29 Projected28-29 CohortSurvival Rate29-30 Projected29-30 CohortSurvival Rate30-31 Projected