0 0 0 0
2,402
101,087 568,594 688,123 253,225 812,066
2023 2023 2023
1,493,261 7,398,6705,888,6123,385,5113,986,695 1,464,8944,843,2761,022,2425,742,9003,605,3274,640,0485,890,052
(8,972,637)
20,830,23411,506,468 24,958,412 20,960,685 42,188,768 13,224,211 42,188,768
October 31, October 31, October 31,
0 0 0 0
2,146
64,932
139,454 396,524 288,921 637,170707,778230,255
2024 2024 2024
7,429,3524,434,1772,841,6331,767,882 1,514,0403,539,803 6,869,9442,945,9322,740,4405,112,2761,092,562
23,114,27612,244,951 35,960,137 22,215,748 38,977,712 13,585,367 38,977,712
October 31, October 31, October 31,
0 0 0 0
(2,146)
18,663 52,233
(14,267) (48,577)
571,084 187,810 195,076374,117155,634 672,078156,849
(143,117)(458,961) (295,645)
7,176,455 7,164,123 3,155,5311,135,1081,111,2651,037,746 6,331,815 1,658,3731,673,257 1,459,1876,331,815
vs. PYTD vs. PYTD vs. PYTD
Current YTD Current YTD Current YTD
0.00%0.00% 0.00%0.00% 8.49%
12.26% 20.09% 20.09%
14.94%24.58%71.52% 27.39% 17.14%19.16%18.47%48.05%43.27%57.65% 24.54%30.07%41.62%15.76%25.74%17.80%16.35%22.84%15.11%31.63%
-84.24%
140.59%
2023 2023 2023
Received
Expended Expended
October 31, October 31, October 31,
% of Actuals % of Actuals % of Actuals
1.64% 0.00%0.00%9.19% 0.00%0.00% 8.52%9.17%
17.33% 18.35% 18.35%
16.16%23.82%19.58% 17.74%18.58%12.79%38.81%37.92%53.78% 24.03%27.87%42.82%16.21%18.94%19.02%15.92%21.20%26.98%
124.35%
2024 2024 2024
Received
Expended Expended
October 31, October 31, October 31,
% of Actuals % of Actuals % of Actuals
0.00%0.00% 0.00%0.00% 0.00%9.32%
-0.06%
21.05% 21.76% 21.76%
20.82%23.67% 29.38% 21.52%21.08%12.58%46.32%42.02%29.70% 27.81%43.33%43.21%18.88%26.37%18.76%21.58%28.84%29.91%
108.24% 120.26%
2025 2025 2025
Received
Expended Expended
October 31, October 31, October 31,
% of Budget % of Budget % of Budget
0 0 0 0
(6,361)
26,000
814,518
(175,843)
6,247,427 2,325,587 4,581,0543,871,2661,128,440 4,437,3805,144,5072,411,2951,223,6528,925,628
Budget Budget Budget
38,015,479 92,529,58632,057,46328,761,479 65,489,97331,041,50628,188,63315,402,038
Remaining Remaining Remaining
115,199,764 161,781,896 162,929,288 162,929,288
0 0 0 0 0
(3,663)
83,595
YTD 967,608 YTD 476,730 YTD 622,903863,413282,488
8,564,4604,138,5323,952,8972,805,628 1,709,1163,913,920 8,543,2023,618,0102,897,2896,571,4631,043,984
Received
30,290,73011,785,990 43,124,260 25,371,280 45,309,527 15,243,740 45,309,527
Expended Expended
0 0 0 0
77,234 26,000
868,141
6,243,764 3,293,195 8,533,9516,676,8941,605,170 6,146,4961,437,4219,058,4273,274,7081,506,140
Budget Budget Budget
Adopted Adopted Adopted
49,801,469 40,621,92332,900,011 80,733,71339,584,70812,543,63831,085,92221,973,501
ROBBINSDALE | October 31, 2025
145,490,494 204,906,156 117,900,866 208,238,815 208,238,815
0 0 0
318
25,173
537,206 878,652
331,584
8,493,953 4,313,777 7,322,1244,662,134 6,301,1382,286,1368,265,8263,737,1521,210,367
51,411,694 39,994,82434,677,359 83,807,96543,142,77513,892,70729,893,61718,950,163
142,998,247 207,549,255 125,197,706 212,391,670 212,391,670
June 30, 2025 June 30, 2025 June 30, 2025
0 0 0
28,281
141,342 986,253 577,622
2024 2024 2024
3,971,364
1,050,0605,451,155 7,045,1949,213,251 5,968,5652,288,514 1,422,538
June 30, June 30, June 30,
10,651,54446,814,895 38,608,85731,880,227 11,635,99783,933,27635,118,40015,782,83730,702,66118,620,123
139,410,317 203,519,313 122,316,393 210,050,176 210,050,176
REVENUE & EXPENDITURE SUMMARY BY SOURCE, OBJECT SERIES & PROGRAM SERIES
REVENUE CATEGORIESSTATEFEDERALPROPERTY TAXESLOCAL SALES, INS RECOVERY & JUDGEMENTSSALE OF BONDS & LOANSINCOMING TRANSFERS FROM OTH FUNDSLOCAL (FEES, INTEREST, ETC.)TOTALS EXPENDITURES (OBJECT SERIES)SALARIES & WAGESEMPLOYEE BENEFITSPURCHASED SERVICESSUPPLIESEQUIPMENTDEBT SERVICEOTHER EXPENDITURESOTHER FINANCING USESTOTALS EXPENDITURES (PROGRAM SERIES)SITE ADMINISTRATIONDISTRICT ADMINISTRATIONSUPPORT SERVICESREGULAR INSTRUCTIONEXTRA-CURRICULAR ACTIVITESVOCATIONAL INSTRUCTIONSPECIAL EDUCATIONCOMMUNITY SERVICESINSTRUCTIONAL SUPPORTPUPIL SUPPORT SERVICESFACILITIESOTHER FINANCING USESTOTALS

0 0 0 0 0 0
11,80768,506
214,436852,383 636,360
2023 2023 2023
(690,196)
3,480,3945,214,5397,156,278 1,470,2672,653,1917,180,1243,433,0865,468,106
16,864,193 20,285,089 41,822,60562,473,856
October 31, October 31, October 31,(20,651,251)
0 0 0 0 0 0
8,981
28,450
236,610425,140 438,421676,829
2024 2024 2024
3,180,1035,512,9647,182,582 1,275,9463,121,7904,797,6333,543,4555,946,852
(4,088,035)
17,652,648 18,723,107 53,612,78557,700,820
October 31, October 31, October 31,
0 0 0 0 0 0
(411)
(3,544)
53,569
(16,613)(86,826) (28,450)
295,017952,838 273,154 331,765412,336
(194,022)(676,829) (675,544)
7,437,2785,082,4392,354,839
(1,339,507) (1,249,376)
vs. PYTD vs. PYTD
vs. PYTD
Current YTD Current YTD
Current YTD
N/A
2.26%4.12%0.00%0.00%0.00% 0.00%0.00%0.00%0.70%2.63%
19.37% 23.80%
31.34%25.97% 32.60% 24.27% 15.42%24.15%40.89%16.87% 24.27% 14.39%21.16%
-61.00%
2023 2023 2023
Received
Expended Expended
October 31, October 31, October 31,
% of Actuals % of Actuals % of Actuals
N/A
2.51%2.11%0.00%0.00%0.00% 0.00%0.00%0.00%0.79%1.62%
19.67% 23.53%
26.97%24.45% 32.20%36.36%29.32% 14.91%24.94%43.69%15.86% 26.71% 18.03%19.76%
2024 2024 2024
Received
Expended Expended
October 31, October 31, October 31,
% of Actuals % of Actuals % of Actuals
N/A
2.48% 0.00%0.00%0.00%0.00% 0.00%0.00%0.00%0.53%0.00%
25.48% 20.53%
28.25%35.61%24.85% 33.48%32.59% 16.52%28.67%22.34%14.31% 24.61% 22.18%21.40%
2025 2025 2025
Received
Expended Expended
October 31, October 31, October 31,
% of Budget % of Budget % of Budget
0 0 0 0 0 0 0 0
N/A
611,687 505,601
8,644,0348,827,690 8,122,3278,792,094 1,024,563
Budget Budget Budget
19,551,96114,272,82952,413,802 12,020,23321,541,13416,146,69267,647,043
Remaining Remaining Remaining
214,195,698230,576,330
0 0 0 0 0 0 0 0
5,437
YTD219,997338,313 244,399 YTD YTD
3,475,1206,465,8027,182,171 1,607,7103,534,1263,458,1263,597,0245,271,308
(1,733,197)
Received
17,925,802 17,473,731 61,050,06262,783,259
Expended
0 0 0 0 0 0 0 0
950,000 750,000
8,864,031 9,730,037 1,030,000
Budget Budget Budget
Adopted Adopted Adopted
12,302,81026,017,76321,455,00070,339,604 12,326,22015,478,35925,138,15821,418,00085,120,774
(18,113,829)
ROBBINSDALE | October 31, 2025
275,245,760293,359,589
0 0 0 0 0 0
9,410,677 1,205,7742,308,563 8,559,143 1,139,1231,756,500 5,329,872
11,792,98620,167,66922,544,26722,305,28089,735,216 12,516,17110,980,44622,343,91222,267,63479,562,928
297,284,471291,954,598
June 30, 2025 June 30, 2025 June 30, 2025
0 0 0 0 0 0
2024 2024 2024
9,479,283 1,131,4232,622,213 9,536,211 1,678,3042,601,613
(4,728,990)
June 30, June 30, June 30,
11,106,89920,678,76320,077,38921,952,31987,048,289 10,986,39617,557,83720,356,26822,529,78985,246,416
290,567,602295,296,592
REVENUE & EXPENDITURE SUMMARY BY SOURCE, OBJECT SERIES & PROGRAM SERIES
ACTIVITY - OTHER FUNDSREVENUEFOOD SERVICECOMMUNITY EDUCATIONCONSTRUCTIONDEBT SERVICETRUSTCUSTODIALINTERNAL SERVICEOPEB REVOCABLE TRUSTOPEB IRREVOCABLE TRUSTOPEB DEBT SERVICETOTALS EXPENDITURESFOOD SERVICECOMMUNITY EDUCATIONCONSTRUCTIONDEBT SERVICETRUSTCUSTODIALINTERNAL SERVICEOPEB REVOCABLE TRUSTOPEB IRREVOCABLE TRUSTOPEB DEBT SERVICETOTALSSUMMARY - ALL FUNDSSUMMARYREVENUEEXPENDITURESSPENDING VARIANCE