REVENUE & EXPENDITURE SUMMARY BY SOURCE, OBJECT SERIES & PROGRAM SERIES
ROBBINSDALE | December 31, 2025
December December December
31, 2025 31, 2024 31, 2023
Budget % of Budget % of Actuals % of Actuals Current YTD December 31, December 31,
Adopted
REVENUE CATEGORIES June 30, 2024 June 30, 2025 Budget Received YTD Remaining Received Received Received vs. PYTD 2024 2023
STATE 139,410,317 142,998,247 145,490,494 41,201,515 104,288,979 28.32% 24.36% 22.80% 6,368,515 34,833,000 31,790,097
FEDERAL 10,651,544 8,493,953 6,243,764 (3,663) 6,247,427 -0.06% 14.93% 1.41% (1,271,843) 1,268,179 150,526
PROPERTY TAXES 46,814,895 51,411,694 49,801,469 24,100,749 25,700,720 48.39% 49.11% 50.74% (1,150,103) 25,250,852 23,754,651
LOCAL SALES, INS RECOVERY & JUDGEMENTS 141,342 331,584 77,234 95,151 (17,917) 123.20% 20.13% 84.60% 28,407 66,743 119,571
SALE OF BONDS & LOANS 1,050,060 0 0 0 0 0.00% 0.00% 0.00% 0 0 0
INCOMING TRANSFERS FROM OTH FUNDS 0 0 0 0 0 0.00% 0.00% 0.00% 0 0 0
LOCAL (FEES, INTEREST, ETC.) 5,451,155 4,313,777 3,293,195 1,812,833 1,480,362 55.05% 24.52% 50.85% 755,145 1,057,689 2,771,958
TOTALS 203,519,313 207,549,255 204,906,156 67,206,585 137,699,571 32.80% 30.10% 28.79% 4,730,120 62,476,464 58,586,803
December December December
31, 2025 31, 2024 31, 2023
Adopted Expended Budget % of Budget % of Actuals % of Actuals Current YTD December 31, December 31,
June 30, 2024 June 30, 2025 Budget YTD Remaining Expended Expended Expended vs. PYTD 2024 2023
EXPENDITURES (OBJECT SERIES)
SALARIES & WAGES 122,316,393 125,197,706 117,900,866 44,076,677 73,824,189 37.38% 37.92% 35.97% (3,395,066) 47,471,743 43,992,154
EMPLOYEE BENEFITS 38,608,857 39,994,824 40,621,923 16,041,132 24,580,791 39.49% 40.98% 40.48% (349,981) 16,391,113 15,629,594
PURCHASED SERVICES 31,880,227 34,677,359 32,900,011 10,314,462 22,585,549 31.35% 37.43% 35.33% (2,664,387) 12,978,849 11,261,697
SUPPLIES 7,045,194 7,322,124 8,533,951 4,493,615 4,040,336 52.66% 53.10% 60.62% 605,593 3,888,022 4,271,143
EQUIPMENT 9,213,251 4,662,134 6,676,894 3,694,988 2,981,906 55.34% 49.32% 51.97% 1,395,687 2,299,301 4,788,341
DEBT SERVICE 0 0 0 0 0 0.00% 0.00% 0.00% 0 0 0
OTHER EXPENDITURES 986,253 537,206 1,605,170 499,880 1,105,290 31.14% 65.31% 76.42% 149,051 350,829 753,694
OTHER FINANCING USES 0 318 0 0 0 0.00% 0.00% 0.00% 0 0 0
TOTALS 210,050,176 212,391,670 208,238,815 79,120,754 129,118,061 38.00% 39.26% 38.42% (4,259,102) 83,379,856 80,696,624
December December December
31, 2025 31, 2024 31, 2023
Adopted Expended Budget % of Budget % of Actuals % of Actuals Current YTD December 31, December 31,
EXPENDITURES (PROGRAM SERIES) June 30, 2024 June 30, 2025 Budget YTD Remaining Expended Expended Expended vs. PYTD 2024 2023
SITE ADMINISTRATION 5,968,565 6,301,138 6,146,496 2,674,823 3,471,673 43.52% 43.06% 43.04% (38,207) 2,713,030 2,568,691
DISTRICT ADMINISTRATION 2,288,514 2,286,136 1,437,421 877,623 559,798 61.06% 44.58% 46.38% (141,528) 1,019,151 1,061,396
SUPPORT SERVICES 11,635,997 8,265,826 9,058,427 4,947,405 4,111,022 54.62% 60.62% 57.46% (62,998) 5,010,403 6,685,565
REGULAR INSTRUCTION 83,933,276 83,807,965 80,733,713 27,891,414 52,842,299 34.55% 36.97% 35.06% (3,088,478) 30,979,892 29,429,553
EXTRA-CURRICULAR ACTIVITES 3,971,364 3,737,152 3,274,708 1,463,121 1,811,587 44.68% 39.62% 42.31% (17,605) 1,480,726 1,680,086
VOCATIONAL INSTRUCTION 1,422,538 1,210,367 1,506,140 532,631 973,509 35.36% 39.10% 38.97% 59,365 473,266 554,415
SPECIAL EDUCATION 35,118,400 43,142,775 39,584,708 16,298,252 23,286,456 41.17% 37.35% 35.66% 182,394 16,115,858 12,521,911
COMMUNITY SERVICES 28,281 25,173 26,000 36,952 (10,952) 142.12% 100.00% 8.49% 11,779 25,173 2,402
INSTRUCTIONAL SUPPORT 15,782,837 13,892,707 12,543,638 5,363,987 7,179,651 42.76% 36.71% 38.77% 264,536 5,099,451 6,118,416
PUPIL SUPPORT SERVICES 30,702,661 29,893,617 31,085,922 8,426,655 22,659,267 27.11% 35.57% 32.36% (2,207,132) 10,633,787 9,936,292
FACILITIES 18,620,123 18,950,163 21,973,501 9,222,028 12,751,473 41.97% 44.49% 47.94% 791,996 8,430,032 8,926,582
OTHER FINANCING USES 577,622 878,652 868,141 1,385,862 (517,721) 159.64% 159.23% 209.71% (13,224) 1,399,087 1,211,315
TOTALS 210,050,176 212,391,670 208,238,815 79,120,754 129,118,061 38.00% 39.26% 38.42% (4,259,102) 83,379,856 80,696,624

REVENUE & EXPENDITURE SUMMARY BY SOURCE, OBJECT SERIES & PROGRAM SERIES
ROBBINSDALE | December 31, 2025
December December December
31, 2025 31, 2024 31, 2023
ACTIVITY - OTHER FUNDS
Adopted Budget % of Budget % of Actuals % of Actuals Current YTD December 31, December 31,
June 30, 2024 June 30, 2025 Budget Received YTD Remaining Received Received Received vs. PYTD 2024 2023
REVENUE
FOOD SERVICE 9,479,283 9,410,677 8,864,031 2,377,995 6,486,036 26.83% 24.19% 24.23% 101,296 2,276,699 2,296,416
COMMUNITY EDUCATION 11,106,899 11,792,986 12,302,810 6,437,419 5,865,391 52.32% 50.29% 51.96% 507,068 5,930,351 5,771,001
CONSTRUCTION 20,678,763 20,167,669 950,000 382,355 567,645 40.25% 97.66% 97.22% (19,314,059) 19,696,414 20,104,350
DEBT SERVICE 20,077,389 22,544,267 26,017,763 12,945,659 13,072,104 49.76% 49.18% 52.19% 1,859,415 11,086,244 10,478,287
TRUST 0 0 0 0 0 0.00% 0.00% 0.00% 0 0 0
CUSTODIAL 0 0 0 0 0 0.00% 0.00% 0.00% 0 0 0
INTERNAL SERVICE 21,952,319 22,305,280 21,455,000 10,678,475 10,776,525 49.77% 48.64% 49.37% (171,836) 10,850,311 10,837,675
OPEB REVOCABLE TRUST 0 0 0 0 0 0.00% 0.00% 0.00% 0 0 0
OPEB IRREVOCABLE TRUST 1,131,423 1,205,774 750,000 717,628 32,372 95.68% 40.25% 58.73% 232,290 485,338 664,454
OPEB DEBT SERVICE 2,622,213 2,308,563 0 0 0 0.00% 60.48% 50.10% (1,396,106) 1,396,106 1,313,732
TOTALS 87,048,289 89,735,216 70,339,604 33,539,532 36,800,072 47.68% 57.64% 59.12% (18,181,931) 51,721,462 51,465,915
December December December
31, 2025 31, 2024 31, 2023
Expended Budget % of Budget % of Actuals % of Actuals December 31, December 31,
Adopted Current YTD
EXPENDITURES June 30, 2024 June 30, 2025 Budget YTD Remaining Expended Expended Expended vs. PYTD 2024 2023
FOOD SERVICE 9,536,211 8,559,143 9,730,037 3,077,054 6,652,983 31.62% 34.71% 33.18% 106,432 2,970,622 3,163,786
COMMUNITY EDUCATION 10,986,396 12,516,171 12,326,220 5,417,171 6,909,049 43.95% 43.27% 42.51% 961 5,416,210 4,670,365
CONSTRUCTION 17,557,837 10,980,446 15,478,359 3,921,612 11,556,747 25.34% 59.45% 52.04% (2,605,976) 6,527,588 9,137,181
DEBT SERVICE 20,356,268 22,343,912 25,138,158 3,599,424 21,538,734 14.32% 15.87% 16.88% 53,969 3,545,455 3,435,186
TRUST 0 0 0 0 0 0.00% 0.00% 0.00% 0 0 0
CUSTODIAL 0 0 0 0 0 0.00% 0.00% 0.00% 0 0 0
INTERNAL SERVICE 22,529,789 22,267,634 21,418,000 9,681,216 11,736,784 45.20% 44.83% 39.98% (301,907) 9,983,123 9,006,852
OPEB REVOCABLE TRUST 0 0 0 0 0 0.00% 0.00% 0.00% 0 0 0
OPEB IRREVOCABLE TRUST 1,678,304 1,139,123 1,030,000 16,175 1,013,825 1.57% 1.33% 1.03% 1,076 15,098 17,297
OPEB DEBT SERVICE 2,601,613 1,756,500 0 0 0 0.00% 1.62% 2.63% (28,450) 28,450 68,506
TOTALS 85,246,416 79,562,928 85,120,774 25,712,651 59,408,123 30.21% 35.80% 34.60% (2,773,895) 28,486,546 29,499,173
December December December
SUMMARY - ALL FUNDS 31, 2025 31, 2024 31, 2023
Adopted Budget % of Budget % of Actuals % of Actuals Current YTD December 31, December 31,
SUMMARY June 30, 2024 June 30, 2025 Budget YTD Remaining Expended Expended Expended vs. PYTD 2024 2023
REVENUE 290,567,602 297,284,471 275,245,760 100,746,116 174,499,644 36.60% 38.41% 37.88% (13,451,810) 114,197,926 110,052,717
EXPENDITURES 295,296,592 291,954,598 293,359,589 104,833,405 188,526,184 35.74% 38.32% 37.32% (7,032,997) 111,866,402 110,195,797
SPENDING VARIANCE (4,728,990) 5,329,872 (18,113,829) (4,087,288) N/A N/A N/A N/A (6,418,813) 2,331,524 (143,080)